1350
(
0.0283653
0.0283630
0.0283594
0.0283650
0.0283712
0.0283678
0.0283606
0.0283655
0.0283596
0.0283646
0.0283715
0.0283661
0.0283583
0.0283589
0.0283687
0.0283604
0.0283695
0.0283624
0.0283711
0.0283701
0.0283587
0.0283626
0.0283584
0.0283659
0.0283666
0.0283622
0.0283670
0.0283665
0.0283667
0.0283693
0.0283620
0.0283627
0.0283670
0.0283582
0.0283644
0.0283608
0.0283616
0.0283629
0.0283675
0.0283645
0.0283689
0.0283653
0.0283648
0.0283599
0.0283650
0.0283670
0.0283606
0.0283652
0.0283664
0.0283654
0.0283657
0.0283580
0.0283649
0.0283687
0.0283634
0.0283677
0.0283614
0.0283653
0.0283645
0.0283550
0.0283643
0.0283710
0.0283657
0.0283640
0.0283649
0.0283607
0.0283699
0.0283662
0.0283576
0.0283685
0.0283664
0.0283690
0.0283654
0.0283695
0.0283666
0.0283650
0.0283678
0.0283607
0.0283703
0.0283621
0.0283631
0.0283659
0.0283669
0.0283680
0.0283630
0.0283680
0.0283616
0.0283772
0.0283699
0.0283651
0.0283675
0.0283648
0.0283714
0.0283674
0.0283659
0.0283694
0.0283663
0.0283687
0.0283647
0.0283696
0.0283712
0.0283687
0.0283684
0.0283664
0.0283754
0.0283762
0.0283694
0.0283717
0.0283752
0.0283709
0.0283681
0.0283701
0.0283663
0.0283780
0.0283725
0.0283703
0.0283679
0.0283693
0.0283739
0.0283711
0.0283697
0.0283719
0.0283720
0.0283713
0.0283707
0.0283719
0.0283717
0.0283687
0.0283690
0.0283693
0.0283744
0.0283739
0.0283730
0.0283711
0.0283703
0.0283778
0.0283688
0.0283744
0.0283719
0.0283750
0.0283676
0.0283688
0.0283721
0.0283685
0.0283740
0.0283668
0.0283709
0.0283734
0.0283738
0.0283704
0.0283708
0.0283693
0.0283721
0.0283685
0.0283678
0.0283755
0.0283683
0.0283717
0.0283719
0.0283702
0.0283670
0.0283736
0.0283710
0.0283715
0.0283703
0.0283721
0.0283657
0.0283640
0.0283759
0.0283632
0.0283759
0.0283632
0.0283654
0.0283726
0.0283678
0.0283676
0.0283697
0.0283663
0.0283721
0.0283639
0.0283572
0.0283634
0.0283693
0.0283683
0.0283663
0.0283631
0.0283633
0.0283711
0.0283650
0.0283666
0.0283643
0.0283643
0.0283637
0.0283638
0.0283639
0.0283595
0.0283648
0.0283617
0.0283638
0.0283702
0.0283649
0.0283625
0.0283626
0.0283684
0.0283665
0.0283620
0.0283588
0.0283594
0.0283609
0.0283667
0.0283601
0.0283578
0.0283549
0.0283691
0.0283605
0.0283579
0.0283621
0.0283645
0.0283604
0.0283630
0.0283640
0.0283606
0.0283632
0.0283601
0.0283608
0.0283683
0.0283641
0.0283657
0.0283602
0.0283598
0.0283558
0.0283583
0.0283585
0.0283554
0.0283652
0.0283688
0.0283659
0.0283604
0.0283591
0.0283686
0.0283592
0.0283591
0.0283615
0.0283626
0.0283615
0.0283627
0.0283614
0.0283678
0.0283633
0.0283582
0.0283601
0.0283680
0.0283649
0.0283646
0.0283587
0.0283636
0.0283666
0.0283608
0.0283631
0.0283594
0.0283673
0.0283614
0.0283645
0.0283607
0.0283582
0.0283644
0.0283592
0.0283570
0.0283669
0.0283620
0.0283600
0.0283641
0.0283643
0.0283638
0.0283648
0.0283593
0.0283616
0.0283660
0.0283676
0.0283609
0.0283617
0.0283649
0.0283616
0.0283666
0.0283641
0.0283659
0.0283678
0.0283663
0.0283606
0.0283627
0.0283641
0.0283652
0.0283628
0.0283618
0.0283645
0.0283651
0.0283628
0.0283634
0.0283675
0.0283668
0.0283593
0.0283598
0.0283622
0.0283732
0.0283658
0.0283650
0.0283622
0.0283633
0.0283718
0.0283662
0.0283630
0.0283647
0.0283644
0.0283723
0.0283642
0.0283730
0.0283741
0.0283715
0.0283677
0.0283652
0.0283703
0.0283724
0.0283683
0.0283688
0.0283705
0.0283650
0.0283715
0.0283618
0.0283638
0.0283745
0.0283774
0.0283721
0.0283661
0.0283650
0.0283745
0.0283640
0.0283610
0.0283677
0.0283653
0.0283673
0.0283695
0.0283726
0.0283657
0.0283694
0.0283639
0.0283672
0.0283776
0.0283714
0.0283676
0.0283687
0.0283644
0.0283655
0.0283652
0.0283637
0.0283680
0.0283718
0.0283700
0.0283647
0.0283647
0.0283689
0.0283639
0.0283638
0.0283618
0.0283650
0.0283625
0.0283585
0.0283608
0.0283627
0.0283665
0.0283592
0.0283629
0.0283623
0.0283673
0.0283661
0.0283610
0.0283616
0.0283673
0.0283655
0.0283650
0.0283656
0.0283612
0.0283716
0.0283639
0.0283598
0.0283631
0.0283599
0.0283726
0.0283582
0.0283636
0.0283673
0.0283659
0.0283632
0.0283653
0.0283706
0.0283690
0.0283657
0.0283656
0.0283693
0.0283620
0.0283655
0.0283656
0.0283630
0.0283595
0.0283665
0.0283652
0.0283644
0.0283595
0.0283620
0.0283639
0.0283584
0.0283608
0.0283599
0.0283584
0.0283576
0.0283499
0.0283657
0.0283566
0.0283584
0.0283623
0.0283632
0.0283601
0.0283629
0.0283538
0.0283587
0.0283580
0.0283595
0.0283575
0.0283591
0.0283563
0.0283608
0.0283607
0.0283540
0.0283583
0.0283562
0.0283608
0.0283501
0.0283570
0.0283552
0.0283607
0.0283532
0.0283535
0.0283614
0.0283538
0.0283528
0.0283524
0.0283560
0.0283563
0.0283552
0.0283467
0.0283517
0.0283557
0.0283510
0.0283363
0.0283296
0.0283334
0.0283308
0.0283196
0.0283156
0.0283020
0.0282882
0.0282813
0.0282687
0.0282664
0.0282352
0.0282237
0.0282065
0.0281686
0.0281533
0.0281280
0.0280815
0.0280433
0.0280008
0.0279342
0.0278709
0.0277944
0.0277097
0.0276241
0.0274907
0.0273526
0.0271994
0.0270044
0.0267940
0.0265442
0.0262743
0.0259471
0.0255825
0.0251361
0.0246430
0.0241043
0.0234683
0.0227415
0.0219343
0.0210246
0.0200219
0.0189162
0.0176953
0.0163774
0.0149994
0.0135336
0.0120189
0.0104849
0.0089719
0.0075351
0.0061654
0.0049232
0.0038385
0.0029136
0.0021571
0.0015646
0.0011037
0.0007672
0.0005177
0.0003486
0.0002317
0.0001607
0.0001014
0.0000560
0.0000430
0.0000309
0.0000131
0.0000032
-0.0000064
-0.0000064
0.0000148
0.0000084
0.0000113
-0.0000092
-0.0000004
-0.0000077
-0.0000110
-0.0000072
-0.0000060
-0.0000009
-0.0000033
0.0000087
0.0000135
0.0000006
-0.0000021
0.0000154
0.0000119
-0.0000011
0.0000017
-0.0000041
0.0000059
0.0000017
-0.0000021
0.0000082
0.0000099
-0.0000051
0.0000004
0.0000141
0.0000196
0.0000181
0.0000184
0.0000068
0.0000125
0.0000146
0.0000191
0.0000147
0.0000056
0.0000218
0.0000336
0.0000048
-0.0000148
-0.0000133
-0.0000095
-0.0000074
0.0000003
-0.0000117
-0.0000050
0.0000104
0.0000178
0.0000109
-0.0000065
-0.0000129
-0.0000163
0.0000120
0.0000418
0.0000261
0.0000089
-0.0000010
0.0000012
0.0000035
-0.0000025
-0.0000053
0.0000087
0.0000270
0.0000101
-0.0000134
0.0000016
0.0000209
0.0000266
0.0000307
0.0000158
0.0000074
-0.0000041
-0.0000049
-0.0000048
0.0000139
0.0000261
0.0000247
0.0000209
0.0000016
0.0000023
0.0000019
-0.0000071
-0.0000010
-0.0000039
-0.0000045
-0.0000061
-0.0000034
0.0000004
-0.0000001
-0.0000024
-0.0000120
-0.0000109
-0.0000043
-0.0000013
0.0000016
-0.0000013
0.0000061
0.0000126
0.0000148
0.0000023
0.0000128
0.0000064
0.0000015
-0.0000051
-0.0000144
-0.0000096
-0.0000108
-0.0000110
-0.0000007
0.0000063
0.0000097
0.0000083
0.0000109
0.0000146
0.0000185
0.0000192
0.0000189
0.0000229
0.0000153
0.0000239
0.0000208
0.0000125
0.0000103
0.0000066
0.0000063
-0.0000132
-0.0000124
-0.0000168
-0.0000199
-0.0000254
-0.0000313
-0.0000180
-0.0000256
-0.0000303
-0.0000278
-0.0000124
-0.0000080
-0.0000014
0.0000078
0.0000120
0.0000259
0.0000173
0.0000208
0.0000286
0.0000154
0.0000158
0.0000123
0.0000009
-0.0000023
-0.0000018
-0.0000073
-0.0000125
-0.0000123
-0.0000105
-0.0000133
-0.0000111
-0.0000074
0.0000009
0.0000047
-0.0000122
-0.0000079
-0.0000004
-0.0000069
-0.0000134
-0.0000059
-0.0000029
-0.0000030
-0.0000031
-0.0000035
0.0000033
0.0000063
0.0000088
0.0000179
0.0000094
0.0000175
0.0000195
0.0000106
0.0000133
0.0000103
0.0000034
-0.0000087
-0.0000072
-0.0000100
-0.0000145
-0.0000163
-0.0000255
-0.0000208
-0.0000166
-0.0000205
-0.0000251
-0.0000097
-0.0000107
-0.0000080
0.0000003
-0.0000066
-0.0000033
0.0000119
0.0000147
0.0000182
0.0000138
0.0000164
0.0000141
0.0000067
0.0000055
0.0000063
-0.0000058
-0.0000018
-0.0000064
-0.0000046
-0.0000110
-0.0000091
-0.0000172
-0.0000184
-0.0000103
-0.0000094
-0.0000152
-0.0000094
-0.0000076
-0.0000024
-0.0000018
-0.0000095
-0.0000044
0.0000031
0.0000057
0.0000086
0.0000023
0.0000097
0.0000129
0.0000047
0.0000062
0.0000112
0.0000091
0.0000075
-0.0000007
-0.0000011
-0.0000032
-0.0000059
-0.0000062
-0.0000076
-0.0000069
-0.0000089
-0.0000117
-0.0000094
-0.0000122
-0.0000152
-0.0000151
-0.0000200
-0.0000165
-0.0000100
-0.0000152
-0.0000147
-0.0000094
-0.0000063
-0.0000044
-0.0000083
-0.0000067
0.0000022
-0.0000022
0.0000025
-0.0000018
0.0000083
0.0000152
0.0000123
0.0000054
0.0000054
0.0000059
0.0000030
0.0000092
-0.0000040
0.0000046
0.0000073
-0.0000013
0.0000008
-0.0000020
-0.0000004
-0.0000061
0.0000006
-0.0000024
0.0000023
0.0000002
-0.0000096
-0.0000003
-0.0000021
-0.0000012
-0.0000036
0.0000021
0.0000033
0.0000076
0.0000054
0.0000033
0.0000000
0.0000030
0.0000095
0.0000102
0.0000056
0.0000107
0.0000185
0.0000104
0.0000090
0.0000203
0.0000122
0.0000145
0.0000114
0.0000158
0.0000083
0.0000121
0.0000041
0.0000097
0.0000066
0.0000058
0.0000028
0.0000067
0.0000034
0.0000048
0.0000034
-0.0000006
-0.0000052
-0.0000045
-0.0000056
-0.0000002
-0.0000064
-0.0000064
-0.0000003
-0.0000081
-0.0000077
-0.0000038
-0.0000063
-0.0000102
-0.0000153
-0.0000110
-0.0000150
-0.0000080
-0.0000149
-0.0000134
-0.0000117
-0.0000124
-0.0000114
-0.0000193
-0.0000084
-0.0000116
-0.0000135
-0.0000158
-0.0000143
-0.0000074
-0.0000066
-0.0000090
-0.0000134
-0.0000056
-0.0000072
-0.0000126
-0.0000081
-0.0000069
-0.0000069
-0.0000056
-0.0000123
-0.0000042
-0.0000027
-0.0000100
-0.0000094
-0.0000075
-0.0000049
-0.0000024
-0.0000031
-0.0000093
-0.0000114
-0.0000062
-0.0000067
-0.0000102
-0.0000045
0.0000023
-0.0000021
-0.0000001
-0.0000028
0.0000053
0.0000004
-0.0000096
-0.0000030
0.0000057
-0.0000020
-0.0000019
-0.0000064
-0.0000033
-0.0000016
-0.0000032
-0.0000046
-0.0000007
-0.0000019
0.0000022
0.0000056
-0.0000007
-0.0000002
0.0000010
0.0000005
-0.0000035
-0.0000022
0.0000093
0.0000013
0.0000016
-0.0000058
0.0000026
0.0000074
-0.0000013
-0.0000042
-0.0000001
0.0000031
0.0000038
0.0000013
0.0000044
0.0000082
0.0000033
-0.0000067
0.0000009
0.0000017
0.0000031
0.0000037
-0.0000023
0.0000037
0.0000021
0.0000034
0.0000043
0.0000032
-0.0000021
-0.0000000
0.0000023
-0.0000040
-0.0000034
0.0000004
-0.0000042
-0.0000009
0.0000007
0.0000018
-0.0000033
-0.0000012
-0.0000032
-0.0000051
0.0000038
-0.0000092
-0.0000065
-0.0000022
-0.0000035
0.0000023
-0.0000043
0.0000042
0.0000024
-0.0000024
0.0000013
0.0000044
0.0000060
0.0000008
0.0000022
0.0000103
0.0000032
0.0000032
0.0000071
0.0000021
0.0000073
0.0000037
0.0000047
0.0000008
0.0000092
0.0000122
0.0000071
0.0000073
0.0000115
0.0000146
0.0000156
0.0000206
0.0000142
0.0000209
0.0000187
0.0000134
0.0000174
0.0000184
0.0000162
0.0000179
0.0000170
0.0000197
0.0000241
0.0000148
0.0000253
0.0000193
0.0000261
0.0000239
0.0000242
0.0000188
0.0000165
0.0000178
0.0000201
0.0000161
0.0000199
0.0000217
0.0000171
0.0000158
0.0000153
0.0000189
0.0000224
0.0000138
0.0000174
0.0000113
0.0000139
0.0000076
0.0000121
0.0000135
0.0000135
0.0000103
0.0000036
0.0000067
0.0000068
0.0000056
0.0000063
-0.0000008
0.0000034
0.0000033
0.0000038
-0.0000039
-0.0000043
-0.0000019
-0.0000025
-0.0000001
-0.0000068
-0.0000007
-0.0000054
-0.0000204
-0.0000118
-0.0000089
-0.0000104
-0.0000131
-0.0000133
-0.0000116
-0.0000065
-0.0000090
-0.0000163
-0.0000175
-0.0000171
-0.0000140
-0.0000124
-0.0000185
-0.0000155
-0.0000140
-0.0000141
-0.0000173
-0.0000239
-0.0000245
-0.0000232
-0.0000199
-0.0000195
-0.0000271
-0.0000256
-0.0000282
-0.0000255
-0.0000216
-0.0000246
-0.0000253
-0.0000260
-0.0000257
-0.0000233
-0.0000203
-0.0000333
-0.0000276
-0.0000221
-0.0000220
-0.0000262
-0.0000300
-0.0000209
-0.0000208
-0.0000303
-0.0000216
-0.0000242
-0.0000240
-0.0000281
-0.0000228
-0.0000190
-0.0000216
-0.0000234
-0.0000305
-0.0000217
-0.0000256
-0.0000182
-0.0000157
-0.0000225
-0.0000200
-0.0000209
-0.0000158
-0.0000246
-0.0000204
-0.0000204
-0.0000175
-0.0000185
-0.0000233
-0.0000100
-0.0000121
-0.0000232
-0.0000143
-0.0000150
-0.0000176
-0.0000122
-0.0000089
-0.0000192
-0.0000157
-0.0000101
-0.0000097
-0.0000114
-0.0000120
-0.0000080
-0.0000038
-0.0000117
-0.0000085
-0.0000029
0.0000016
-0.0000044
-0.0000102
-0.0000045
-0.0000077
-0.0000067
-0.0000006
0.0000031
-0.0000005
-0.0000049
-0.0000034
0.0000050
-0.0000040
-0.0000069
0.0000030
-0.0000026
0.0000078
-0.0000006
-0.0000012
-0.0000033
-0.0000025
0.0000026
-0.0000021
-0.0000039
-0.0000035
0.0000023
0.0000009
0.0000019
-0.0000021
0.0000020
0.0000031
0.0000028
0.0000031
0.0000082
0.0000050
-0.0000033
-0.0000022
-0.0000016
-0.0000010
-0.0000018
-0.0000008
0.0000011
0.0000045
0.0000040
0.0000005
-0.0000024
-0.0000028
0.0000032
0.0000056
-0.0000061
-0.0000001
-0.0000032
-0.0000016
-0.0000025
0.0000026
-0.0000018
0.0000016
-0.0000022
0.0000067
-0.0000034
-0.0000020
-0.0000073
-0.0000025
-0.0000021
0.0000006
-0.0000056
-0.0000015
0.0000000
-0.0000015
0.0000014
-0.0000036
-0.0000089
-0.0000021
-0.0000030
-0.0000008
-0.0000048
0.0000049
-0.0000015
-0.0000015
0.0000053
0.0000024
0.0000014
-0.0000017
-0.0000036
0.0000068
0.0000014
0.0000015
-0.0000036
0.0000013
0.0000093
0.0000058
0.0000044
0.0000104
0.0000059
0.0000025
0.0000084
0.0000017
0.0000058
0.0000025
0.0000088
0.0000135
0.0000004
0.0000124
0.0000128
0.0000102
0.0000092
0.0000099
0.0000092
0.0000082
0.0000103
0.0000074
0.0000149
0.0000103
0.0000090
0.0000076
0.0000095
0.0000120
0.0000107
0.0000072
0.0000048
0.0000110
0.0000171
0.0000089
0.0000117
0.0000114
0.0000062
0.0000110
0.0000068
0.0000136
0.0000115
0.0000028
0.0000073
0.0000116
0.0000033
0.0000037
0.0000076
0.0000023
0.0000039
0.0000021
0.0000009
-0.0000024
0.0000019
0.0000006
-0.0000018
-0.0000041
0.0000006
0.0000004
-0.0000012
-0.0000032
-0.0000102
-0.0000018
-0.0000058
-0.0000011
-0.0000023
-0.0000015
-0.0000021
-0.0000109
-0.0000029
-0.0000055
-0.0000005
-0.0000087
-0.0000114
-0.0000116
-0.0000002
-0.0000040
-0.0000145
-0.0000117
-0.0000077
-0.0000085
-0.0000064
-0.0000117
-0.0000148
-0.0000072
-0.0000083
-0.0000111
-0.0000106
-0.0000026
-0.0000126
-0.0000096
-0.0000097
-0.0000101
-0.0000061
-0.0000188
-0.0000114
-0.0000076
-0.0000079
-0.0000161
-0.0000126
-0.0000103
-0.0000025
-0.0000057
-0.0000176
-0.0000097
-0.0000067
-0.0000063
-0.0000029
-0.0000045
-0.0000037
-0.0000042
-0.0000047
0.0000005
0.0000035
-0.0000003
-0.0000003
-0.0000053
0.0000041
-0.0000028
-0.0000013
0.0000022
0.0000018
0.0000068
0.0000085
0.0000023
0.0000092
0.0000055
0.0000084
0.0000132
0.0000044
)