1350
(
-0.0000012
-0.0000020
-0.0000030
-0.0000010
-0.0000018
0.0000012
-0.0000022
-0.0000008
-0.0000044
-0.0000026
0.0000021
-0.0000009
-0.0000022
-0.0000008
0.0000025
-0.0000041
-0.0000022
-0.0000009
0.0000030
0.0000017
-0.0000037
-0.0000064
-0.0000026
0.0000000
-0.0000033
-0.0000044
-0.0000016
-0.0000008
-0.0000063
-0.0000006
-0.0000023
-0.0000021
-0.0000004
-0.0000032
-0.0000051
-0.0000011
-0.0000008
-0.0000010
-0.0000021
-0.0000028
0.0000004
-0.0000012
0.0000001
-0.0000048
-0.0000012
-0.0000005
-0.0000060
-0.0000042
-0.0000007
0.0000006
-0.0000037
-0.0000054
-0.0000004
-0.0000003
-0.0000037
-0.0000022
-0.0000035
0.0000007
-0.0000010
-0.0000048
-0.0000057
0.0000021
-0.0000007
0.0000004
-0.0000005
-0.0000061
0.0000008
-0.0000044
-0.0000048
0.0000003
-0.0000049
0.0000023
-0.0000009
0.0000016
-0.0000026
-0.0000029
-0.0000006
-0.0000033
0.0000001
-0.0000002
-0.0000007
0.0000001
0.0000007
0.0000014
-0.0000003
-0.0000022
-0.0000022
0.0000044
-0.0000012
0.0000044
0.0000004
0.0000002
0.0000035
0.0000001
0.0000001
-0.0000012
0.0000012
-0.0000011
-0.0000002
0.0000035
0.0000000
0.0000034
-0.0000011
0.0000000
0.0000062
0.0000046
0.0000031
0.0000025
0.0000049
0.0000053
0.0000017
0.0000013
0.0000003
0.0000050
0.0000039
0.0000012
0.0000005
0.0000002
0.0000077
0.0000021
-0.0000012
0.0000041
0.0000015
0.0000031
0.0000022
-0.0000018
0.0000047
-0.0000006
-0.0000011
-0.0000019
0.0000038
0.0000009
0.0000037
-0.0000002
0.0000048
0.0000082
0.0000030
0.0000020
0.0000038
0.0000067
0.0000032
0.0000013
0.0000033
0.0000014
0.0000058
0.0000022
-0.0000004
0.0000020
0.0000071
0.0000042
0.0000019
0.0000047
-0.0000000
0.0000006
-0.0000010
0.0000021
0.0000029
0.0000005
0.0000034
0.0000042
0.0000015
0.0000034
0.0000021
0.0000011
0.0000017
0.0000042
0.0000022
-0.0000018
0.0000020
-0.0000010
0.0000028
-0.0000009
-0.0000019
0.0000048
0.0000015
-0.0000037
-0.0000005
0.0000016
0.0000016
-0.0000011
-0.0000054
-0.0000017
0.0000010
0.0000019
0.0000013
-0.0000019
-0.0000034
0.0000030
0.0000016
-0.0000014
0.0000003
-0.0000009
0.0000001
-0.0000005
0.0000015
-0.0000012
-0.0000015
-0.0000054
-0.0000018
0.0000035
-0.0000007
-0.0000026
-0.0000042
0.0000005
-0.0000009
-0.0000042
-0.0000055
-0.0000060
-0.0000017
0.0000007
-0.0000047
-0.0000060
-0.0000073
-0.0000009
-0.0000053
-0.0000064
-0.0000009
-0.0000028
-0.0000048
-0.0000028
0.0000007
-0.0000026
-0.0000064
-0.0000023
-0.0000067
0.0000033
-0.0000022
-0.0000036
-0.0000040
-0.0000061
-0.0000051
-0.0000038
-0.0000066
-0.0000040
0.0000021
-0.0000009
-0.0000041
-0.0000028
-0.0000053
-0.0000023
-0.0000058
-0.0000089
-0.0000045
-0.0000068
-0.0000048
-0.0000040
-0.0000049
-0.0000032
-0.0000050
-0.0000102
-0.0000026
-0.0000009
-0.0000012
-0.0000032
-0.0000060
-0.0000004
-0.0000033
-0.0000051
-0.0000041
-0.0000044
-0.0000012
-0.0000050
-0.0000047
-0.0000029
-0.0000025
-0.0000005
-0.0000039
-0.0000055
0.0000002
-0.0000014
-0.0000048
-0.0000014
-0.0000008
0.0000014
0.0000002
-0.0000050
-0.0000038
-0.0000010
-0.0000025
-0.0000008
-0.0000019
-0.0000025
-0.0000040
-0.0000012
-0.0000016
-0.0000001
-0.0000011
0.0000002
-0.0000039
-0.0000013
-0.0000021
-0.0000002
-0.0000011
-0.0000050
-0.0000002
-0.0000024
-0.0000054
-0.0000003
-0.0000022
0.0000006
-0.0000016
-0.0000045
0.0000018
0.0000060
-0.0000017
-0.0000005
-0.0000011
-0.0000001
0.0000049
-0.0000000
-0.0000024
0.0000012
0.0000013
0.0000025
-0.0000013
0.0000019
0.0000049
0.0000015
-0.0000020
-0.0000026
0.0000030
0.0000024
0.0000026
0.0000011
0.0000031
0.0000003
-0.0000010
-0.0000032
-0.0000030
0.0000053
0.0000038
0.0000040
0.0000010
-0.0000021
0.0000029
-0.0000006
-0.0000013
-0.0000021
-0.0000033
-0.0000011
0.0000002
0.0000046
0.0000012
-0.0000002
-0.0000011
-0.0000008
0.0000039
0.0000016
0.0000006
-0.0000017
0.0000004
-0.0000016
-0.0000008
0.0000007
-0.0000019
0.0000051
0.0000042
-0.0000007
0.0000008
-0.0000015
0.0000001
-0.0000017
-0.0000031
-0.0000004
-0.0000032
-0.0000059
-0.0000047
-0.0000023
-0.0000023
-0.0000055
-0.0000024
-0.0000044
-0.0000018
-0.0000058
-0.0000026
-0.0000056
0.0000001
-0.0000023
0.0000002
-0.0000013
-0.0000013
-0.0000002
0.0000027
-0.0000026
-0.0000028
-0.0000021
0.0000041
-0.0000028
-0.0000024
0.0000015
-0.0000032
0.0000013
0.0000007
0.0000009
0.0000024
0.0000010
-0.0000003
-0.0000036
-0.0000039
-0.0000019
-0.0000029
-0.0000058
-0.0000029
0.0000001
-0.0000005
-0.0000038
-0.0000050
-0.0000032
-0.0000035
-0.0000055
-0.0000040
-0.0000075
-0.0000059
-0.0000046
-0.0000058
0.0000017
-0.0000039
-0.0000043
-0.0000027
-0.0000033
-0.0000015
-0.0000035
-0.0000078
-0.0000061
-0.0000017
-0.0000045
-0.0000055
-0.0000034
-0.0000061
-0.0000022
-0.0000026
-0.0000059
-0.0000028
-0.0000049
-0.0000045
-0.0000078
-0.0000054
-0.0000003
-0.0000003
-0.0000087
-0.0000054
0.0000044
-0.0000039
-0.0000023
-0.0000019
-0.0000010
0.0000026
0.0000028
0.0000008
0.0000017
0.0000111
0.0000049
0.0000041
-0.0000005
0.0000047
0.0000082
0.0000023
0.0000025
0.0000027
-0.0000030
0.0000003
0.0000007
0.0000051
0.0000039
0.0000090
0.0000140
0.0000056
0.0000178
0.0000251
0.0000200
0.0000283
0.0000403
0.0000481
0.0000486
0.0000669
0.0000811
0.0001117
0.0001216
0.0001461
0.0001855
0.0002164
0.0002689
0.0003214
0.0004001
0.0004908
0.0006057
0.0007294
0.0008906
0.0011029
0.0013457
0.0016271
0.0019869
0.0023955
0.0028913
0.0034812
0.0041614
0.0049633
0.0059016
0.0069756
0.0081890
0.0095596
0.0110855
0.0127760
0.0145900
0.0165330
0.0185838
0.0207168
0.0229069
0.0251265
0.0273463
0.0295429
0.0316912
0.0337917
0.0358203
0.0377807
0.0396437
0.0414291
0.0431391
0.0447546
0.0462930
0.0477493
0.0491262
0.0504284
0.0516752
0.0528429
0.0539412
0.0549623
0.0559450
0.0568626
0.0577286
0.0585503
0.0593224
0.0600555
0.0607409
0.0613950
0.0620125
0.0625785
0.0631217
0.0636456
0.0641310
0.0645787
0.0650154
0.0654196
0.0658139
0.0661776
0.0665259
0.0668587
0.0671714
0.0674545
0.0677378
0.0680144
0.0682647
0.0685032
0.0687283
0.0689477
0.0691499
0.0693517
0.0695416
0.0697173
0.0698852
0.0700604
0.0702227
0.0703585
0.0704862
0.0706278
0.0707622
0.0708935
0.0710188
0.0711355
0.0712484
0.0713671
0.0714765
0.0715747
0.0716606
0.0717497
0.0718421
0.0719462
0.0720559
0.0721302
0.0721947
0.0722674
0.0723404
0.0724184
0.0724851
0.0725544
0.0726316
0.0727064
0.0727629
0.0728064
0.0728755
0.0729451
0.0730070
0.0730601
0.0731100
0.0731568
0.0732045
0.0732555
0.0733037
0.0733646
0.0734172
0.0734630
0.0735070
0.0735394
0.0735829
0.0736227
0.0736612
0.0737032
0.0737422
0.0737805
0.0738224
0.0738607
0.0739013
0.0739372
0.0739723
0.0739986
0.0740343
0.0740716
0.0741075
0.0741412
0.0741750
0.0742114
0.0742451
0.0742823
0.0743091
0.0743395
0.0743681
0.0743909
0.0744140
0.0744317
0.0744654
0.0744948
0.0745157
0.0745498
0.0745847
0.0746097
0.0746389
0.0746630
0.0746895
0.0747165
0.0747382
0.0747654
0.0747883
0.0748087
0.0748361
0.0748551
0.0748737
0.0748954
0.0749103
0.0749315
0.0749430
0.0749609
0.0749809
0.0749941
0.0750110
0.0750254
0.0750527
0.0750704
0.0750878
0.0751120
0.0751362
0.0751580
0.0751804
0.0752043
0.0752282
0.0752518
0.0752668
0.0752854
0.0753032
0.0753147
0.0753304
0.0753422
0.0753510
0.0753632
0.0753845
0.0753946
0.0754089
0.0754180
0.0754394
0.0754490
0.0754689
0.0754855
0.0755043
0.0755161
0.0755250
0.0755431
0.0755597
0.0755677
0.0755808
0.0755963
0.0756090
0.0756221
0.0756357
0.0756473
0.0756640
0.0756797
0.0756967
0.0757139
0.0757217
0.0757381
0.0757515
0.0757599
0.0757688
0.0757765
0.0757880
0.0757932
0.0757997
0.0758094
0.0758195
0.0758287
0.0758294
0.0758434
0.0758557
0.0758664
0.0758716
0.0758894
0.0758995
0.0759161
0.0759335
0.0759381
0.0759512
0.0759646
0.0759771
0.0759903
0.0759971
0.0760098
0.0760142
0.0760196
0.0760271
0.0760371
0.0760426
0.0760482
0.0760546
0.0760675
0.0760695
0.0760778
0.0760809
0.0760926
0.0761029
0.0761113
0.0761206
0.0761277
0.0761365
0.0761504
0.0761600
0.0761606
0.0761755
0.0761866
0.0761928
0.0762029
0.0762087
0.0762202
0.0762269
0.0762310
0.0762380
0.0762454
0.0762540
0.0762590
0.0762603
0.0762719
0.0762796
0.0762806
0.0762863
0.0762921
0.0763000
0.0763035
0.0763090
0.0763155
0.0763195
0.0763252
0.0763321
0.0763331
0.0763456
0.0763536
0.0763596
0.0763639
0.0763696
0.0763815
0.0763900
0.0763915
0.0764007
0.0764126
0.0764144
0.0764208
0.0764268
0.0764338
0.0764493
0.0764485
0.0764537
0.0764579
0.0764628
0.0764655
0.0764774
0.0764752
0.0764850
0.0764890
0.0764915
0.0764967
0.0765001
0.0765089
0.0765055
0.0765173
0.0765200
0.0765265
0.0765329
0.0765358
0.0765366
0.0765487
0.0765503
0.0765562
0.0765614
0.0765643
0.0765736
0.0765803
0.0765814
0.0765875
0.0765915
0.0766004
0.0766036
0.0766050
0.0766139
0.0766210
0.0766221
0.0766302
0.0766344
0.0766336
0.0766384
0.0766421
0.0766506
0.0766505
0.0766561
0.0766536
0.0766597
0.0766716
0.0766656
0.0766687
0.0766748
0.0766746
0.0766829
0.0766825
0.0766837
0.0766882
0.0766929
0.0766943
0.0767022
0.0766991
0.0767034
0.0767089
0.0767095
0.0767138
0.0767185
0.0767202
0.0767220
0.0767239
0.0767278
0.0767303
0.0767338
0.0767364
0.0767401
0.0767430
0.0767491
0.0767500
0.0767532
0.0767572
0.0767606
0.0767650
0.0767638
0.0767687
0.0767752
0.0767767
0.0767829
0.0767807
0.0767883
0.0767901
0.0767933
0.0767965
0.0768000
0.0768048
0.0768078
0.0768051
0.0768134
0.0768162
0.0768178
0.0768192
0.0768219
0.0768250
0.0768314
0.0768332
0.0768318
0.0768355
0.0768384
0.0768403
0.0768466
0.0768464
0.0768538
0.0768533
0.0768585
0.0768571
0.0768662
0.0768686
0.0768631
0.0768687
0.0768777
0.0768748
0.0768767
0.0768823
0.0768826
0.0768884
0.0768880
0.0768857
0.0768952
0.0768953
0.0769010
0.0769046
0.0769034
0.0769054
0.0769113
0.0769122
0.0769113
0.0769144
0.0769248
0.0769249
0.0769286
0.0769255
0.0769298
0.0769346
0.0769296
0.0769319
0.0769367
0.0769400
0.0769416
0.0769428
0.0769451
0.0769534
0.0769515
0.0769466
0.0769528
0.0769602
0.0769576
0.0769628
0.0769602
0.0769693
0.0769704
0.0769705
0.0769738
0.0769724
0.0769740
0.0769755
0.0769812
0.0769778
0.0769825
0.0769843
0.0769779
0.0769866
0.0769893
0.0769957
0.0769913
0.0769944
0.0769955
0.0769977
0.0769996
0.0770016
0.0770024
0.0770057
0.0770083
0.0770113
0.0770080
0.0770151
0.0770151
0.0770168
0.0770202
0.0770205
0.0770236
0.0770237
0.0770242
0.0770292
0.0770336
0.0770313
0.0770336
0.0770357
0.0770393
0.0770396
0.0770441
0.0770450
0.0770502
0.0770504
0.0770540
0.0770527
0.0770540
0.0770579
0.0770617
0.0770649
0.0770664
0.0770687
0.0770712
0.0770711
0.0770728
0.0770765
0.0770753
0.0770738
0.0770787
0.0770817
0.0770898
0.0770853
0.0770883
0.0770846
0.0770939
0.0770947
0.0770932
0.0770892
0.0770933
0.0770986
0.0771032
0.0770968
0.0771035
0.0771035
0.0771025
0.0771031
0.0771064
0.0771047
0.0771122
0.0771057
0.0771084
0.0771075
0.0771080
0.0771094
0.0771102
0.0771116
0.0771154
0.0771116
0.0771096
0.0771127
0.0771146
0.0771159
0.0771196
0.0771143
0.0771188
0.0771172
0.0771196
0.0771171
0.0771170
0.0771210
0.0771178
0.0771207
0.0771204
0.0771207
0.0771259
0.0771146
0.0771254
0.0771239
0.0771259
0.0771225
0.0771215
0.0771248
0.0771314
0.0771275
0.0771250
0.0771248
0.0771286
0.0771276
0.0771313
0.0771315
0.0771311
0.0771349
0.0771331
0.0771371
0.0771342
0.0771327
0.0771333
0.0771356
0.0771384
0.0771346
0.0771370
0.0771319
0.0771392
0.0771427
0.0771398
0.0771427
0.0771408
0.0771408
0.0771410
0.0771536
0.0771421
0.0771446
0.0771491
0.0771517
0.0771527
0.0771486
0.0771548
0.0771532
0.0771501
0.0771573
0.0771595
0.0771544
0.0771570
0.0771579
0.0771615
0.0771596
0.0771640
0.0771604
0.0771636
0.0771673
0.0771683
0.0771711
0.0771682
0.0771683
0.0771726
0.0771766
0.0771736
0.0771725
0.0771774
0.0771755
0.0771796
0.0771780
0.0771816
0.0771841
0.0771863
0.0771861
0.0771838
0.0771881
0.0771882
0.0771946
0.0771910
0.0771919
0.0771966
0.0771952
0.0771954
0.0771964
0.0772024
0.0772021
0.0771988
0.0772022
0.0772091
0.0772080
0.0772080
0.0772103
0.0772110
0.0772123
0.0772095
0.0772127
0.0772166
0.0772175
0.0772098
0.0772141
0.0772186
0.0772171
0.0772192
0.0772205
0.0772192
0.0772252
0.0772227
0.0772244
0.0772245
0.0772258
0.0772289
0.0772294
0.0772274
0.0772277
0.0772266
0.0772301
0.0772285
0.0772348
0.0772358
0.0772356
0.0772347
0.0772356
0.0772393
0.0772389
0.0772310
0.0772373
0.0772356
0.0772376
0.0772402
0.0772391
0.0772408
0.0772452
0.0772422
0.0772430
0.0772401
0.0772397
0.0772448
0.0772496
0.0772425
0.0772462
0.0772475
0.0772471
0.0772495
0.0772528
0.0772493
0.0772478
0.0772512
0.0772509
0.0772487
0.0772519
0.0772500
0.0772496
0.0772516
0.0772563
0.0772544
0.0772541
0.0772544
0.0772583
0.0772629
0.0772532
0.0772550
0.0772559
0.0772564
0.0772614
0.0772595
0.0772636
0.0772645
0.0772629
0.0772636
0.0772649
0.0772641
0.0772641
0.0772635
0.0772723
0.0772710
0.0772673
0.0772651
0.0772684
0.0772726
0.0772727
0.0772704
0.0772745
0.0772750
0.0772742
0.0772761
0.0772707
0.0772771
0.0772814
0.0772787
0.0772816
0.0772734
0.0772808
0.0772827
0.0772807
0.0772856
0.0772817
0.0772867
0.0772862
0.0772851
0.0772833
0.0772898
0.0772903
0.0772868
0.0772872
0.0772899
0.0772922
0.0772938
0.0772890
0.0772896
0.0772926
0.0772951
0.0772901
0.0772913
0.0772913
0.0772932
0.0772973
0.0772961
0.0772978
0.0772959
0.0772900
0.0772975
0.0772969
0.0772940
0.0772984
0.0772965
0.0772936
0.0772976
0.0772919
0.0772933
0.0772929
0.0772970
0.0772981
0.0772983
0.0772927
0.0772983
0.0772953
0.0772975
0.0772962
0.0772941
0.0772973
0.0772927
0.0772999
0.0772965
0.0772963
0.0773004
0.0772952
0.0772954
0.0772994
0.0773009
0.0772963
0.0772935
0.0772981
0.0773019
0.0773011
0.0772972
0.0772967
0.0772980
0.0772979
0.0772971
0.0772952
0.0772972
0.0773041
0.0773021
0.0773005
0.0773039
0.0773010
0.0773011
0.0773021
0.0773024
0.0773017
0.0773039
0.0772961
0.0773001
0.0773043
0.0773025
0.0772993
0.0773005
0.0773020
0.0773052
0.0773035
0.0772984
0.0773024
0.0773021
0.0773045
0.0773011
0.0773042
0.0773062
0.0773065
0.0773035
0.0773082
0.0773111
0.0773072
0.0773076
0.0773064
0.0773114
0.0773050
0.0773052
0.0773055
0.0773073
0.0773075
0.0773127
0.0773103
0.0773127
0.0773106
0.0773137
0.0773107
0.0773067
)