1350
(
0.0000021
0.0000049
0.0000116
0.0000072
0.0000044
0.0000014
0.0000079
-0.0000003
0.0000101
0.0000067
0.0000023
0.0000033
0.0000062
0.0000122
0.0000083
0.0000106
-0.0000007
0.0000034
-0.0000007
0.0000004
0.0000114
0.0000103
-0.0000007
0.0000043
0.0000092
0.0000139
0.0000055
0.0000001
0.0000016
-0.0000038
0.0000089
0.0000118
0.0000014
0.0000132
0.0000047
0.0000003
0.0000057
0.0000114
-0.0000020
0.0000088
0.0000061
0.0000031
0.0000054
0.0000134
0.0000042
0.0000070
0.0000181
0.0000084
0.0000074
0.0000020
0.0000079
0.0000127
0.0000031
0.0000010
0.0000101
0.0000080
0.0000045
0.0000039
0.0000049
0.0000127
0.0000053
0.0000051
0.0000055
-0.0000043
0.0000108
0.0000157
-0.0000048
0.0000102
0.0000139
-0.0000013
0.0000085
0.0000084
0.0000107
-0.0000037
0.0000095
0.0000044
0.0000133
0.0000119
-0.0000066
0.0000056
0.0000098
0.0000039
-0.0000066
0.0000013
0.0000030
0.0000046
0.0000091
-0.0000049
-0.0000015
0.0000009
0.0000043
0.0000058
-0.0000081
0.0000090
-0.0000002
-0.0000012
0.0000034
0.0000019
0.0000007
-0.0000149
-0.0000003
-0.0000025
-0.0000023
0.0000050
-0.0000221
-0.0000029
0.0000006
-0.0000019
-0.0000080
-0.0000052
-0.0000023
0.0000088
0.0000058
-0.0000099
-0.0000115
-0.0000023
-0.0000059
0.0000073
-0.0000109
-0.0000021
0.0000032
-0.0000084
-0.0000032
-0.0000003
-0.0000036
-0.0000060
-0.0000048
-0.0000109
-0.0000011
0.0000071
-0.0000101
-0.0000024
-0.0000014
-0.0000079
-0.0000020
-0.0000058
-0.0000061
-0.0000067
-0.0000144
-0.0000044
-0.0000040
-0.0000037
-0.0000005
-0.0000035
-0.0000142
0.0000009
-0.0000018
-0.0000067
-0.0000086
-0.0000005
-0.0000060
0.0000008
-0.0000051
0.0000027
0.0000045
0.0000038
-0.0000008
-0.0000031
-0.0000037
-0.0000046
-0.0000059
-0.0000007
-0.0000067
-0.0000046
0.0000017
-0.0000074
0.0000017
0.0000003
0.0000038
-0.0000008
-0.0000122
0.0000055
0.0000023
-0.0000069
-0.0000014
0.0000005
0.0000008
0.0000060
0.0000049
0.0000047
0.0000159
0.0000088
-0.0000046
0.0000003
0.0000062
0.0000038
0.0000113
-0.0000009
0.0000009
0.0000047
0.0000115
0.0000078
-0.0000030
0.0000100
0.0000055
0.0000042
0.0000130
0.0000091
0.0000104
-0.0000018
0.0000060
0.0000070
0.0000105
-0.0000020
0.0000099
0.0000143
0.0000165
0.0000219
0.0000079
0.0000084
0.0000071
0.0000128
0.0000138
0.0000065
0.0000093
0.0000186
0.0000089
0.0000088
0.0000141
0.0000186
0.0000061
0.0000085
0.0000061
0.0000156
0.0000100
0.0000008
0.0000109
0.0000076
0.0000090
0.0000117
0.0000106
0.0000123
0.0000128
0.0000116
-0.0000063
0.0000049
0.0000105
0.0000114
0.0000159
0.0000046
0.0000210
0.0000245
0.0000108
0.0000177
0.0000107
0.0000184
0.0000197
0.0000118
0.0000153
0.0000113
0.0000153
0.0000071
0.0000020
0.0000105
0.0000172
0.0000219
0.0000022
0.0000142
0.0000032
0.0000126
0.0000006
0.0000072
0.0000121
0.0000064
0.0000157
0.0000076
0.0000175
0.0000177
0.0000076
0.0000171
0.0000214
0.0000017
0.0000069
0.0000134
0.0000008
0.0000121
0.0000145
-0.0000022
0.0000030
0.0000065
0.0000101
0.0000080
0.0000051
0.0000127
0.0000050
0.0000067
-0.0000010
0.0000085
0.0000179
0.0000098
0.0000091
-0.0000029
0.0000043
0.0000058
0.0000046
0.0000098
0.0000027
0.0000102
0.0000023
0.0000013
0.0000120
0.0000183
0.0000076
-0.0000074
0.0000014
-0.0000003
0.0000096
0.0000063
-0.0000125
0.0000039
0.0000103
0.0000053
0.0000005
-0.0000027
0.0000079
-0.0000004
-0.0000067
0.0000039
0.0000057
0.0000105
-0.0000085
0.0000004
-0.0000040
0.0000035
-0.0000064
0.0000047
0.0000001
0.0000146
0.0000037
0.0000000
-0.0000097
-0.0000071
0.0000015
0.0000089
-0.0000076
0.0000067
0.0000092
0.0000026
0.0000029
0.0000075
0.0000015
-0.0000086
0.0000017
0.0000018
-0.0000001
0.0000025
-0.0000081
-0.0000019
0.0000035
0.0000067
-0.0000020
0.0000043
0.0000039
0.0000091
-0.0000049
-0.0000041
-0.0000042
0.0000068
0.0000008
0.0000119
-0.0000052
0.0000132
0.0000083
0.0000043
0.0000081
0.0000194
0.0000148
0.0000117
0.0000103
0.0000134
0.0000121
0.0000116
0.0000024
0.0000062
0.0000056
0.0000124
-0.0000050
0.0000061
0.0000048
0.0000056
0.0000099
-0.0000048
-0.0000019
0.0000137
0.0000033
0.0000142
-0.0000017
0.0000123
0.0000095
0.0000017
0.0000041
0.0000050
0.0000050
0.0000016
-0.0000020
0.0000040
0.0000099
0.0000043
0.0000065
0.0000050
0.0000082
0.0000134
0.0000127
0.0000109
0.0000096
0.0000086
0.0000126
0.0000095
0.0000028
0.0000174
0.0000115
0.0000205
0.0000136
0.0000180
0.0000244
0.0000081
0.0000223
0.0000172
0.0000153
0.0000112
0.0000124
0.0000257
0.0000318
0.0000208
0.0000092
0.0000209
0.0000267
0.0000177
0.0000238
0.0000252
0.0000208
0.0000389
0.0000327
0.0000276
0.0000312
0.0000388
0.0000411
0.0000307
0.0000275
0.0000464
0.0000514
0.0000401
0.0000521
0.0000578
0.0000555
0.0000572
0.0000649
0.0000588
0.0000845
0.0000798
0.0000812
0.0000985
0.0001273
0.0001506
0.0001568
0.0001690
0.0001962
0.0002228
0.0002493
0.0002939
0.0003212
0.0003583
0.0003930
0.0004645
0.0005120
0.0005745
0.0006713
0.0007331
0.0008304
0.0009467
0.0010689
0.0011995
0.0013702
0.0015596
0.0017621
0.0019980
0.0022454
0.0025827
0.0029213
0.0033046
0.0037756
0.0042808
0.0048770
0.0055200
0.0062782
0.0071061
0.0080782
0.0091528
0.0103282
0.0116636
0.0131726
0.0148136
0.0166682
0.0186650
0.0208497
0.0232417
0.0257944
0.0284708
0.0312944
0.0342299
0.0372126
0.0401647
0.0430291
0.0457762
0.0483082
0.0505836
0.0525596
0.0542294
0.0555928
0.0566618
0.0574999
0.0581252
0.0585778
0.0588969
0.0590957
0.0592635
0.0593500
0.0593826
0.0594050
0.0594085
0.0594005
0.0593813
0.0593612
0.0592924
0.0592691
0.0592499
0.0592537
0.0592273
0.0592081
0.0592183
0.0591875
0.0591847
0.0591748
0.0591772
0.0591655
0.0591573
0.0591965
0.0592105
0.0591919
0.0592213
0.0592520
0.0592770
0.0593009
0.0592976
0.0593461
0.0593666
0.0593739
0.0594105
0.0594591
0.0594860
0.0594841
0.0595089
0.0595452
0.0595672
0.0596138
0.0596470
0.0596646
0.0597023
0.0597363
0.0597799
0.0597949
0.0598015
0.0598674
0.0599442
0.0599620
0.0599972
0.0600193
0.0600433
0.0600749
0.0601025
0.0601108
0.0601339
0.0601724
0.0602276
0.0602656
0.0603014
0.0602895
0.0602663
0.0603147
0.0603842
0.0604166
0.0604359
0.0604674
0.0605025
0.0605290
0.0605282
0.0605364
0.0605737
0.0606453
0.0606468
0.0606441
0.0606562
0.0606736
0.0607066
0.0607529
0.0607828
0.0608103
0.0608372
0.0608304
0.0608334
0.0608529
0.0608792
0.0609217
0.0609484
0.0609732
0.0610069
0.0610148
0.0610382
0.0610536
0.0610821
0.0610873
0.0610993
0.0611285
0.0611495
0.0611701
0.0611933
0.0612027
0.0612209
0.0612339
0.0612417
0.0612511
0.0612543
0.0612602
0.0612910
0.0612977
0.0613199
0.0613470
0.0613713
0.0614033
0.0614094
0.0614265
0.0614447
0.0614492
0.0614370
0.0614535
0.0614624
0.0614816
0.0614797
0.0614865
0.0614973
0.0615124
0.0615209
0.0615381
0.0615504
0.0615551
0.0615778
0.0615900
0.0616115
0.0616257
0.0616676
0.0616734
0.0616938
0.0617171
0.0617425
0.0617444
0.0617443
0.0617645
0.0617749
0.0617762
0.0617716
0.0617813
0.0617741
0.0617770
0.0617716
0.0617590
0.0617821
0.0617918
0.0617945
0.0618219
0.0618269
0.0618416
0.0618701
0.0618786
0.0618959
0.0619090
0.0619154
0.0619337
0.0619328
0.0619540
0.0619503
0.0619641
0.0619548
0.0619693
0.0619925
0.0619853
0.0619821
0.0619983
0.0620165
0.0620156
0.0620252
0.0620327
0.0620372
0.0620450
0.0620475
0.0620454
0.0620418
0.0620430
0.0620539
0.0620463
0.0620489
0.0620770
0.0620835
0.0620861
0.0621064
0.0621255
0.0621310
0.0621378
0.0621601
0.0621723
0.0621949
0.0621936
0.0621887
0.0621978
0.0622117
0.0622016
0.0622026
0.0622008
0.0621925
0.0622127
0.0622065
0.0621969
0.0621945
0.0621982
0.0622147
0.0622163
0.0622223
0.0622350
0.0622407
0.0622533
0.0622657
0.0622783
0.0622838
0.0622894
0.0622998
0.0623041
0.0623205
0.0623358
0.0623311
0.0623289
0.0623350
0.0623397
0.0623364
0.0623418
0.0623385
0.0623490
0.0623437
0.0623450
0.0623456
0.0623347
0.0623557
0.0623489
0.0623521
0.0623633
0.0623680
0.0623737
0.0623811
0.0623816
0.0623994
0.0623984
0.0623999
0.0624158
0.0624306
0.0624312
0.0624298
0.0624536
0.0624470
0.0624486
0.0624628
0.0624632
0.0624698
0.0624835
0.0624845
0.0624654
0.0624798
0.0624876
0.0624922
0.0624772
0.0624753
0.0624930
0.0624883
0.0624746
0.0624853
0.0624916
0.0624991
0.0624919
0.0624846
0.0624938
0.0625061
0.0625112
0.0625081
0.0625121
0.0625121
0.0625306
0.0625319
0.0625333
0.0625410
0.0625483
0.0625503
0.0625526
0.0625648
0.0625587
0.0625615
0.0625652
0.0625681
0.0625759
0.0625769
0.0625762
0.0625852
0.0625816
0.0625758
0.0625854
0.0625856
0.0625809
0.0625882
0.0625927
0.0626030
0.0625927
0.0625929
0.0625995
0.0625932
0.0625934
0.0626058
0.0625989
0.0625981
0.0626044
0.0626139
0.0626146
0.0626152
0.0626200
0.0626240
0.0626343
0.0626400
0.0626269
0.0626436
0.0626497
0.0626487
0.0626533
0.0626520
0.0626586
0.0626712
0.0626690
0.0626741
0.0626834
0.0626738
0.0626898
0.0626887
0.0626917
0.0626986
0.0627016
0.0627016
0.0627150
0.0627117
0.0627218
0.0627137
0.0627201
0.0627233
0.0627264
0.0627268
0.0627287
0.0627260
0.0627299
0.0627429
0.0627347
0.0627339
0.0627395
0.0627494
0.0627502
0.0627412
0.0627424
0.0627377
0.0627657
0.0627493
0.0627621
0.0627572
0.0627520
0.0627579
0.0627566
0.0627543
0.0627731
0.0627649
0.0627678
0.0627663
0.0627742
0.0627756
0.0627689
0.0627723
0.0627802
0.0627891
0.0627915
0.0627888
0.0627924
0.0627936
0.0627900
0.0627858
0.0627914
0.0627883
0.0627951
0.0627859
0.0627963
0.0628029
0.0627934
0.0627900
0.0628097
0.0628107
0.0628057
0.0628073
0.0628074
0.0628157
0.0628213
0.0628130
0.0628216
0.0628156
0.0628138
0.0628183
0.0628225
0.0628169
0.0628232
0.0628243
0.0628245
0.0628195
0.0628244
0.0628273
0.0628401
0.0628292
0.0628307
0.0628493
0.0628404
0.0628368
0.0628392
0.0628474
0.0628413
0.0628512
0.0628408
0.0628450
0.0628611
0.0628571
0.0628522
0.0628503
0.0628509
0.0628647
0.0628487
0.0628608
0.0628573
0.0628569
0.0628649
0.0628681
0.0628724
0.0628651
0.0628822
0.0628781
0.0628754
0.0628879
0.0628843
0.0628818
0.0628794
0.0628873
0.0628834
0.0628903
0.0628874
0.0628792
0.0629009
0.0628955
0.0628937
0.0628954
0.0628892
0.0629007
0.0628926
0.0628919
0.0629082
0.0629030
0.0629007
0.0629059
0.0629034
0.0629023
0.0628963
0.0629034
0.0629004
0.0629066
0.0629154
0.0629025
0.0629045
0.0629073
0.0629137
0.0629046
0.0629042
0.0629106
0.0629070
0.0629121
0.0629005
0.0629072
0.0628991
0.0629052
0.0628939
0.0628979
0.0629135
0.0629015
0.0629117
0.0629026
0.0629101
0.0629146
0.0629029
0.0628982
0.0629074
0.0629106
0.0629140
0.0629072
0.0629125
0.0629065
0.0629167
0.0629168
0.0629139
0.0629107
0.0629232
0.0629204
0.0629173
0.0629328
0.0629215
0.0629342
0.0629236
0.0629235
0.0629410
0.0629420
0.0629430
0.0629416
0.0629495
0.0629452
0.0629507
0.0629499
0.0629491
0.0629659
0.0629539
0.0629630
0.0629634
0.0629466
0.0629754
0.0629727
0.0629743
0.0629800
0.0629783
0.0629896
0.0629899
0.0629932
0.0629893
0.0629834
0.0629860
0.0629895
0.0630114
0.0630044
0.0629953
0.0630051
0.0630055
0.0630075
0.0630063
0.0630040
0.0630137
0.0630356
0.0630242
0.0630196
0.0630231
0.0630171
0.0630332
0.0630228
0.0630264
0.0630336
0.0630286
0.0630350
0.0630517
0.0630447
0.0630410
0.0630365
0.0630468
0.0630420
0.0630464
0.0630481
0.0630447
0.0630513
0.0630579
0.0630590
0.0630532
0.0630572
0.0630432
0.0630689
0.0630614
0.0630608
0.0630554
0.0630562
0.0630575
0.0630537
0.0630523
0.0630681
0.0630604
0.0630617
0.0630660
0.0630690
0.0630706
0.0630567
0.0630688
0.0630695
0.0630727
0.0630741
0.0630716
0.0630678
0.0630635
0.0630721
0.0630659
0.0630694
0.0630660
0.0630717
0.0630789
0.0630657
0.0630691
0.0630649
0.0630789
0.0630652
0.0630582
0.0630688
0.0630712
0.0630640
0.0630644
0.0630701
0.0630648
0.0630677
0.0630638
0.0630650
0.0630677
0.0630745
0.0630573
0.0630636
0.0630663
0.0630675
0.0630643
0.0630582
0.0630570
0.0630652
0.0630630
0.0630678
0.0630617
0.0630632
0.0630676
0.0630572
0.0630635
0.0630763
0.0630615
0.0630622
0.0630683
0.0630665
0.0630634
0.0630704
0.0630528
0.0630713
0.0630782
0.0630673
0.0630695
0.0630588
0.0630654
0.0630746
0.0630666
0.0630700
0.0630667
0.0630696
0.0630685
0.0630677
0.0630664
0.0630736
0.0630705
0.0630641
0.0630704
0.0630781
0.0630805
0.0630777
0.0630698
0.0630788
0.0630836
0.0630775
0.0630668
0.0630763
0.0630906
0.0630883
0.0630989
0.0630790
0.0630781
0.0630949
0.0630874
0.0630740
0.0630847
0.0630901
0.0630816
0.0630934
0.0630917
0.0630832
0.0630887
0.0630967
0.0630917
0.0630991
0.0631036
0.0630877
0.0630982
0.0630963
0.0631030
0.0630989
0.0630929
0.0630938
0.0631067
0.0631120
0.0631038
0.0631042
0.0630929
0.0631045
0.0630903
0.0630945
0.0630984
0.0630969
0.0630906
0.0631020
0.0630953
0.0631040
0.0630892
0.0630987
0.0630956
0.0631150
0.0630993
0.0630934
0.0631002
0.0630995
0.0631076
0.0630972
0.0630977
0.0630957
0.0631121
0.0630996
0.0630984
0.0630976
0.0630905
0.0631091
0.0631000
0.0630968
0.0630991
0.0630967
0.0631036
0.0630945
0.0631097
0.0630928
0.0630987
0.0630944
0.0630954
0.0631021
0.0631016
0.0630954
0.0630977
0.0631049
0.0631135
0.0631074
0.0631029
0.0630969
0.0631030
0.0631063
0.0631043
0.0631137
0.0631066
0.0631157
0.0630998
0.0631053
0.0631149
0.0631113
0.0631058
0.0631244
0.0631208
0.0631193
0.0631147
0.0631173
0.0631295
0.0631267
0.0631221
0.0631296
0.0631273
0.0631218
0.0631369
0.0631336
0.0631332
0.0631364
0.0631332
0.0631429
0.0631325
0.0631447
0.0631335
0.0631438
0.0631413
0.0631424
0.0631544
0.0631484
0.0631445
0.0631395
0.0631530
0.0631521
0.0631469
0.0631394
0.0631531
0.0631573
0.0631589
0.0631505
0.0631477
0.0631523
0.0631580
0.0631588
0.0631499
0.0631466
0.0631481
0.0631550
0.0631430
0.0631623
0.0631529
0.0631509
0.0631584
0.0631477
0.0631707
0.0631552
0.0631489
0.0631540
0.0631567
0.0631574
0.0631531
0.0631488
0.0631449
0.0631645
0.0631553
0.0631459
0.0631470
0.0631480
0.0631404
0.0631418
0.0631418
0.0631503
0.0631365
0.0631353
0.0631398
0.0631386
0.0631449
0.0631272
0.0631387
0.0631315
0.0631402
0.0631353
0.0631324
0.0631306
0.0631326
0.0631247
0.0631238
0.0631271
0.0631238
0.0631363
)