1350
(
0.7453239
0.7453238
0.7453237
0.7453241
0.7453246
0.7453248
0.7453237
0.7453236
0.7453233
0.7453251
0.7453245
0.7453240
0.7453234
0.7453245
0.7453245
0.7453233
0.7453241
0.7453243
0.7453251
0.7453243
0.7453239
0.7453239
0.7453235
0.7453249
0.7453238
0.7453227
0.7453248
0.7453244
0.7453248
0.7453238
0.7453236
0.7453235
0.7453244
0.7453233
0.7453247
0.7453249
0.7453248
0.7453238
0.7453248
0.7453239
0.7453247
0.7453242
0.7453253
0.7453234
0.7453252
0.7453232
0.7453235
0.7453238
0.7453247
0.7453242
0.7453236
0.7453236
0.7453249
0.7453241
0.7453229
0.7453235
0.7453243
0.7453247
0.7453246
0.7453226
0.7453238
0.7453250
0.7453245
0.7453235
0.7453244
0.7453241
0.7453249
0.7453239
0.7453233
0.7453249
0.7453238
0.7453245
0.7453233
0.7453249
0.7453244
0.7453245
0.7453237
0.7453235
0.7453251
0.7453239
0.7453238
0.7453234
0.7453245
0.7453252
0.7453241
0.7453237
0.7453234
0.7453254
0.7453247
0.7453252
0.7453243
0.7453253
0.7453254
0.7453237
0.7453242
0.7453245
0.7453234
0.7453243
0.7453243
0.7453247
0.7453240
0.7453249
0.7453246
0.7453241
0.7453260
0.7453257
0.7453252
0.7453255
0.7453247
0.7453246
0.7453252
0.7453245
0.7453238
0.7453254
0.7453260
0.7453260
0.7453250
0.7453250
0.7453263
0.7453246
0.7453239
0.7453253
0.7453254
0.7453256
0.7453256
0.7453259
0.7453256
0.7453247
0.7453245
0.7453253
0.7453257
0.7453258
0.7453258
0.7453255
0.7453253
0.7453262
0.7453259
0.7453259
0.7453251
0.7453261
0.7453254
0.7453242
0.7453253
0.7453248
0.7453263
0.7453251
0.7453247
0.7453258
0.7453260
0.7453253
0.7453256
0.7453254
0.7453259
0.7453255
0.7453248
0.7453255
0.7453250
0.7453253
0.7453248
0.7453245
0.7453251
0.7453255
0.7453258
0.7453252
0.7453250
0.7453259
0.7453242
0.7453239
0.7453254
0.7453239
0.7453249
0.7453236
0.7453249
0.7453260
0.7453232
0.7453238
0.7453245
0.7453246
0.7453249
0.7453236
0.7453237
0.7453241
0.7453255
0.7453240
0.7453245
0.7453239
0.7453235
0.7453252
0.7453245
0.7453236
0.7453240
0.7453250
0.7453240
0.7453233
0.7453235
0.7453247
0.7453243
0.7453232
0.7453237
0.7453251
0.7453242
0.7453245
0.7453232
0.7453248
0.7453237
0.7453235
0.7453229
0.7453220
0.7453240
0.7453240
0.7453237
0.7453235
0.7453222
0.7453245
0.7453234
0.7453227
0.7453232
0.7453239
0.7453234
0.7453237
0.7453237
0.7453238
0.7453236
0.7453234
0.7453227
0.7453246
0.7453248
0.7453232
0.7453237
0.7453233
0.7453235
0.7453236
0.7453226
0.7453228
0.7453244
0.7453244
0.7453237
0.7453244
0.7453226
0.7453238
0.7453220
0.7453222
0.7453236
0.7453239
0.7453231
0.7453230
0.7453224
0.7453242
0.7453224
0.7453227
0.7453232
0.7453248
0.7453232
0.7453240
0.7453228
0.7453233
0.7453234
0.7453242
0.7453230
0.7453229
0.7453245
0.7453245
0.7453236
0.7453236
0.7453236
0.7453242
0.7453228
0.7453226
0.7453243
0.7453242
0.7453231
0.7453236
0.7453239
0.7453240
0.7453244
0.7453229
0.7453234
0.7453235
0.7453232
0.7453241
0.7453235
0.7453234
0.7453236
0.7453231
0.7453237
0.7453228
0.7453237
0.7453233
0.7453226
0.7453230
0.7453243
0.7453245
0.7453234
0.7453229
0.7453240
0.7453241
0.7453227
0.7453243
0.7453251
0.7453250
0.7453238
0.7453233
0.7453233
0.7453246
0.7453242
0.7453237
0.7453238
0.7453236
0.7453259
0.7453240
0.7453236
0.7453238
0.7453235
0.7453245
0.7453235
0.7453239
0.7453244
0.7453244
0.7453234
0.7453240
0.7453249
0.7453243
0.7453242
0.7453237
0.7453246
0.7453233
0.7453238
0.7453230
0.7453230
0.7453252
0.7453248
0.7453251
0.7453240
0.7453236
0.7453249
0.7453236
0.7453233
0.7453238
0.7453234
0.7453232
0.7453241
0.7453246
0.7453240
0.7453236
0.7453239
0.7453232
0.7453246
0.7453247
0.7453233
0.7453234
0.7453238
0.7453231
0.7453236
0.7453229
0.7453232
0.7453238
0.7453236
0.7453236
0.7453226
0.7453226
0.7453233
0.7453224
0.7453218
0.7453227
0.7453226
0.7453215
0.7453224
0.7453232
0.7453217
0.7453211
0.7453220
0.7453213
0.7453222
0.7453213
0.7453223
0.7453207
0.7453222
0.7453223
0.7453209
0.7453220
0.7453217
0.7453227
0.7453219
0.7453200
0.7453214
0.7453203
0.7453215
0.7453206
0.7453202
0.7453203
0.7453195
0.7453198
0.7453201
0.7453198
0.7453213
0.7453197
0.7453199
0.7453201
0.7453195
0.7453182
0.7453190
0.7453182
0.7453166
0.7453184
0.7453177
0.7453176
0.7453164
0.7453177
0.7453165
0.7453152
0.7453154
0.7453149
0.7453147
0.7453141
0.7453128
0.7453142
0.7453138
0.7453125
0.7453134
0.7453124
0.7453125
0.7453109
0.7453097
0.7453092
0.7453091
0.7453077
0.7453081
0.7453060
0.7453053
0.7453060
0.7453044
0.7453023
0.7453015
0.7452997
0.7452986
0.7452971
0.7452955
0.7452950
0.7452930
0.7452893
0.7452871
0.7452872
0.7452842
0.7452798
0.7452782
0.7452748
0.7452709
0.7452669
0.7452610
0.7452577
0.7452539
0.7452471
0.7452388
0.7452303
0.7452234
0.7452164
0.7452059
0.7451944
0.7451836
0.7451691
0.7451558
0.7451395
0.7451242
0.7451038
0.7450850
0.7450625
0.7450350
0.7450103
0.7449803
0.7449470
0.7449109
0.7448732
0.7448288
0.7447815
0.7447338
0.7446779
0.7446228
0.7445555
0.7444869
0.7444149
0.7443336
0.7442516
0.7441632
0.7440729
0.7439793
0.7438847
0.7437837
0.7436877
0.7435958
0.7435067
0.7434245
0.7433561
0.7433006
0.7432665
0.7432583
0.7432755
0.7433268
0.7434197
0.7435503
0.7437160
0.7439190
0.7441544
0.7444148
0.7446844
0.7449581
0.7452268
0.7454798
0.7457140
0.7459189
0.7460950
0.7462362
0.7463451
0.7464241
0.7464737
0.7465029
0.7465083
0.7464991
0.7464829
0.7464547
0.7464204
0.7463847
0.7463440
0.7463034
0.7462669
0.7462271
0.7461873
0.7461446
0.7461085
0.7460719
0.7460365
0.7460056
0.7459745
0.7459456
0.7459166
0.7458933
0.7458682
0.7458412
0.7458191
0.7458004
0.7457792
0.7457584
0.7457411
0.7457231
0.7457084
0.7456920
0.7456784
0.7456668
0.7456519
0.7456385
0.7456269
0.7456197
0.7456100
0.7456004
0.7455906
0.7455816
0.7455723
0.7455660
0.7455596
0.7455524
0.7455434
0.7455394
0.7455354
0.7455240
0.7455138
0.7455080
0.7455052
0.7455009
0.7454963
0.7454912
0.7454861
0.7454855
0.7454822
0.7454764
0.7454710
0.7454652
0.7454610
0.7454624
0.7454658
0.7454599
0.7454523
0.7454484
0.7454464
0.7454434
0.7454386
0.7454367
0.7454367
0.7454362
0.7454317
0.7454257
0.7454257
0.7454267
0.7454266
0.7454241
0.7454207
0.7454167
0.7454135
0.7454110
0.7454096
0.7454106
0.7454111
0.7454100
0.7454080
0.7454028
0.7454007
0.7453993
0.7453951
0.7453945
0.7453937
0.7453909
0.7453902
0.7453895
0.7453895
0.7453876
0.7453849
0.7453830
0.7453817
0.7453816
0.7453814
0.7453804
0.7453787
0.7453781
0.7453794
0.7453787
0.7453763
0.7453755
0.7453752
0.7453716
0.7453703
0.7453662
0.7453666
0.7453672
0.7453638
0.7453659
0.7453661
0.7453661
0.7453660
0.7453653
0.7453650
0.7453663
0.7453652
0.7453634
0.7453632
0.7453629
0.7453627
0.7453614
0.7453597
0.7453588
0.7453568
0.7453552
0.7453515
0.7453507
0.7453495
0.7453477
0.7453447
0.7453445
0.7453450
0.7453436
0.7453428
0.7453438
0.7453451
0.7453455
0.7453458
0.7453472
0.7453486
0.7453499
0.7453491
0.7453478
0.7453467
0.7453464
0.7453448
0.7453426
0.7453417
0.7453407
0.7453393
0.7453378
0.7453378
0.7453365
0.7453373
0.7453348
0.7453358
0.7453351
0.7453363
0.7453352
0.7453338
0.7453348
0.7453351
0.7453339
0.7453325
0.7453321
0.7453316
0.7453312
0.7453310
0.7453311
0.7453318
0.7453328
0.7453329
0.7453329
0.7453319
0.7453339
0.7453337
0.7453318
0.7453311
0.7453304
0.7453297
0.7453266
0.7453266
0.7453258
0.7453246
0.7453236
0.7453206
0.7453211
0.7453219
0.7453217
0.7453208
0.7453226
0.7453223
0.7453233
0.7453242
0.7453232
0.7453240
0.7453254
0.7453259
0.7453262
0.7453248
0.7453254
0.7453248
0.7453233
0.7453230
0.7453222
0.7453214
0.7453211
0.7453197
0.7453199
0.7453190
0.7453188
0.7453175
0.7453169
0.7453169
0.7453167
0.7453180
0.7453162
0.7453172
0.7453179
0.7453179
0.7453162
0.7453182
0.7453176
0.7453183
0.7453188
0.7453169
0.7453193
0.7453189
0.7453172
0.7453174
0.7453177
0.7453177
0.7453169
0.7453152
0.7453154
0.7453159
0.7453142
0.7453134
0.7453139
0.7453137
0.7453124
0.7453112
0.7453114
0.7453114
0.7453115
0.7453113
0.7453096
0.7453103
0.7453117
0.7453111
0.7453097
0.7453099
0.7453117
0.7453124
0.7453104
0.7453110
0.7453120
0.7453124
0.7453124
0.7453124
0.7453111
0.7453138
0.7453135
0.7453114
0.7453126
0.7453123
0.7453118
0.7453118
0.7453097
0.7453110
0.7453113
0.7453095
0.7453094
0.7453095
0.7453098
0.7453081
0.7453083
0.7453088
0.7453075
0.7453098
0.7453082
0.7453078
0.7453089
0.7453088
0.7453086
0.7453081
0.7453085
0.7453090
0.7453091
0.7453087
0.7453084
0.7453091
0.7453087
0.7453093
0.7453084
0.7453097
0.7453104
0.7453091
0.7453100
0.7453097
0.7453093
0.7453085
0.7453078
0.7453094
0.7453088
0.7453092
0.7453072
0.7453079
0.7453070
0.7453067
0.7453058
0.7453073
0.7453061
0.7453072
0.7453066
0.7453048
0.7453048
0.7453049
0.7453051
0.7453047
0.7453038
0.7453043
0.7453056
0.7453035
0.7453036
0.7453038
0.7453028
0.7453036
0.7453013
0.7453025
0.7453027
0.7453022
0.7453016
0.7453022
0.7453018
0.7453020
0.7453023
0.7453011
0.7453026
0.7453010
0.7453016
0.7453011
0.7453005
0.7453020
0.7453012
0.7453020
0.7453001
0.7453025
0.7453010
0.7453000
0.7453020
0.7453022
0.7453019
0.7453016
0.7453006
0.7453013
0.7453015
0.7453015
0.7453014
0.7453012
0.7453012
0.7453016
0.7453014
0.7453000
0.7453001
0.7453006
0.7453008
0.7452994
0.7453002
0.7453013
0.7453016
0.7453017
0.7453007
0.7453014
0.7453012
0.7452995
0.7453014
0.7453015
0.7453010
0.7453008
0.7453005
0.7453014
0.7453009
0.7453010
0.7452999
0.7453010
0.7453009
0.7453022
0.7453014
0.7452999
0.7453003
0.7453012
0.7453006
0.7453001
0.7453015
0.7453028
0.7453005
0.7453012
0.7452997
0.7453014
0.7453014
0.7452994
0.7453001
0.7453018
0.7453011
0.7453005
0.7453011
0.7453002
0.7453016
0.7453005
0.7452994
0.7452996
0.7452994
0.7453009
0.7453012
0.7452986
0.7453007
0.7453001
0.7453001
0.7453000
0.7452993
0.7452996
0.7452996
0.7452990
0.7452988
0.7452997
0.7452989
0.7452983
0.7452993
0.7452995
0.7452998
0.7452989
0.7452981
0.7452981
0.7452982
0.7452993
0.7452976
0.7452973
0.7452980
0.7452995
0.7452997
0.7452975
0.7452991
0.7452990
0.7452983
0.7452990
0.7452997
0.7452981
0.7452992
0.7452986
0.7452988
0.7452990
0.7452985
0.7452992
0.7452987
0.7452989
0.7452991
0.7452991
0.7452984
0.7453000
0.7453000
0.7452998
0.7452999
0.7453001
0.7453011
0.7453010
0.7453014
0.7452996
0.7453011
0.7453018
0.7453011
0.7453015
0.7453019
0.7453011
0.7453014
0.7453011
0.7453011
0.7453032
0.7453021
0.7453014
0.7453011
0.7453023
0.7453024
0.7453017
0.7453010
0.7453022
0.7453018
0.7453015
0.7453004
0.7453016
0.7453030
0.7453004
0.7453014
0.7453010
0.7453011
0.7453023
0.7453005
0.7453009
0.7452995
0.7453011
0.7453001
0.7453011
0.7452997
0.7453004
0.7452982
0.7452975
0.7452976
0.7452985
0.7452994
0.7452990
0.7452966
0.7452977
0.7452970
0.7452976
0.7452966
0.7452966
0.7452972
0.7452965
0.7452965
0.7452957
0.7452957
0.7452960
0.7452936
0.7452948
0.7452950
0.7452945
0.7452942
0.7452931
0.7452938
0.7452953
0.7452943
0.7452932
0.7452929
0.7452929
0.7452934
0.7452944
0.7452921
0.7452922
0.7452930
0.7452927
0.7452931
0.7452932
0.7452913
0.7452920
0.7452912
0.7452917
0.7452912
0.7452915
0.7452902
0.7452921
0.7452913
0.7452911
0.7452908
0.7452908
0.7452903
0.7452907
0.7452916
0.7452894
0.7452904
0.7452909
0.7452905
0.7452906
0.7452903
0.7452918
0.7452921
0.7452904
0.7452909
0.7452916
0.7452908
0.7452903
0.7452905
0.7452914
0.7452908
0.7452897
0.7452904
0.7452905
0.7452913
0.7452912
0.7452913
0.7452910
0.7452906
0.7452914
0.7452916
0.7452896
0.7452907
0.7452915
0.7452915
0.7452910
0.7452902
0.7452927
0.7452927
0.7452919
0.7452920
0.7452924
0.7452923
0.7452921
0.7452921
0.7452915
0.7452923
0.7452930
0.7452927
0.7452915
0.7452924
0.7452941
0.7452941
0.7452922
0.7452927
0.7452948
0.7452944
0.7452938
0.7452933
0.7452948
0.7452938
0.7452936
0.7452937
0.7452960
0.7452953
0.7452935
0.7452932
0.7452960
0.7452942
0.7452943
0.7452954
0.7452954
0.7452963
0.7452951
0.7452945
0.7452948
0.7452949
0.7452962
0.7452957
0.7452940
0.7452937
0.7452956
0.7452953
0.7452951
0.7452957
0.7452961
0.7452948
0.7452956
0.7452956
0.7452967
0.7452958
0.7452940
0.7452944
0.7452949
0.7452945
0.7452942
0.7452943
0.7452956
0.7452961
0.7452940
0.7452945
0.7452939
0.7452940
0.7452953
0.7452951
0.7452932
0.7452949
0.7452953
0.7452944
0.7452948
0.7452940
0.7452947
0.7452939
0.7452943
0.7452955
0.7452929
0.7452947
0.7452927
0.7452929
0.7452940
0.7452939
0.7452932
0.7452933
0.7452935
0.7452934
0.7452949
0.7452930
0.7452933
0.7452930
0.7452932
0.7452939
0.7452929
0.7452950
0.7452941
0.7452940
0.7452946
0.7452948
0.7452939
0.7452934
0.7452931
0.7452956
0.7452949
0.7452942
0.7452926
0.7452941
0.7452949
0.7452943
0.7452944
0.7452951
0.7452949
0.7452942
0.7452948
0.7452934
0.7452943
0.7452954
0.7452946
0.7452962
0.7452941
0.7452952
0.7452959
0.7452951
0.7452943
0.7452950
0.7452950
0.7452948
0.7452948
0.7452951
0.7452959
0.7452957
0.7452947
0.7452946
0.7452954
0.7452956
0.7452939
0.7452949
0.7452945
0.7452954
0.7452955
0.7452947
0.7452943
0.7452946
0.7452945
0.7452959
0.7452937
0.7452952
0.7452955
0.7452931
0.7452931
0.7452946
0.7452937
0.7452941
0.7452945
0.7452930
0.7452941
0.7452936
0.7452922
0.7452927
0.7452925
0.7452930
0.7452922
0.7452914
0.7452916
0.7452920
0.7452908
0.7452920
0.7452904
0.7452910
0.7452908
0.7452913
0.7452907
0.7452918
0.7452911
0.7452902
0.7452905
0.7452906
0.7452906
0.7452905
0.7452898
0.7452899
0.7452914
0.7452900
0.7452892
0.7452898
0.7452900
0.7452893
0.7452898
0.7452895
0.7452897
0.7452905
0.7452888
0.7452892
0.7452895
0.7452905
0.7452897
0.7452897
0.7452897
0.7452892
0.7452898
0.7452878
0.7452895
0.7452900
0.7452900
0.7452889
0.7452900
0.7452899
0.7452897
0.7452907
0.7452896
0.7452893
0.7452899
0.7452903
0.7452905
0.7452904
0.7452906
0.7452906
0.7452905
0.7452923
0.7452922
0.7452909
0.7452911
0.7452908
0.7452926
0.7452917
0.7452911
0.7452915
0.7452922
0.7452925
0.7452931
0.7452928
0.7452926
0.7452927
0.7452932
0.7452933
0.7452914
)