1350
(
0.2263087
0.2263108
0.2263070
0.2263110
0.2263069
0.2263110
0.2263024
0.2263065
0.2263027
0.2263105
0.2263069
0.2263087
0.2263061
0.2263015
0.2263108
0.2263045
0.2263085
0.2263097
0.2263111
0.2263097
0.2263021
0.2263092
0.2263057
0.2263117
0.2263037
0.2263017
0.2263080
0.2263094
0.2263094
0.2263127
0.2263040
0.2263099
0.2263075
0.2263071
0.2263090
0.2263082
0.2263112
0.2263060
0.2263094
0.2263082
0.2263117
0.2263091
0.2263144
0.2263075
0.2263108
0.2263097
0.2262979
0.2263088
0.2263099
0.2263122
0.2263036
0.2263062
0.2263097
0.2263134
0.2263061
0.2263092
0.2263093
0.2263102
0.2263085
0.2263061
0.2263089
0.2263110
0.2263080
0.2263113
0.2263079
0.2263103
0.2263166
0.2263032
0.2263040
0.2263115
0.2263020
0.2263109
0.2263052
0.2263117
0.2263086
0.2263080
0.2263056
0.2263041
0.2263175
0.2263111
0.2263090
0.2263134
0.2263112
0.2263122
0.2263139
0.2263073
0.2263070
0.2263160
0.2263090
0.2263167
0.2263127
0.2263110
0.2263123
0.2263090
0.2263104
0.2263111
0.2263132
0.2263123
0.2263072
0.2263122
0.2263124
0.2263136
0.2263141
0.2263116
0.2263207
0.2263167
0.2263103
0.2263122
0.2263161
0.2263127
0.2263111
0.2263119
0.2263128
0.2263266
0.2263166
0.2263145
0.2263094
0.2263130
0.2263221
0.2263111
0.2263176
0.2263141
0.2263145
0.2263147
0.2263166
0.2263165
0.2263171
0.2263137
0.2263172
0.2263090
0.2263149
0.2263185
0.2263107
0.2263168
0.2263139
0.2263176
0.2263138
0.2263155
0.2263154
0.2263198
0.2263192
0.2263152
0.2263123
0.2263079
0.2263215
0.2263072
0.2263176
0.2263147
0.2263187
0.2263181
0.2263122
0.2263120
0.2263149
0.2263139
0.2263112
0.2263137
0.2263161
0.2263139
0.2263143
0.2263153
0.2263127
0.2263146
0.2263139
0.2263131
0.2263102
0.2263161
0.2263165
0.2263111
0.2263126
0.2263114
0.2263136
0.2263082
0.2263096
0.2263192
0.2263123
0.2263113
0.2263134
0.2263154
0.2263120
0.2263076
0.2263034
0.2263094
0.2263099
0.2263111
0.2263092
0.2263042
0.2263061
0.2263195
0.2263131
0.2263070
0.2263053
0.2263084
0.2263108
0.2263052
0.2263132
0.2263077
0.2263086
0.2263072
0.2263088
0.2263192
0.2263100
0.2263041
0.2263100
0.2263086
0.2263087
0.2263047
0.2262995
0.2263015
0.2263044
0.2263070
0.2263095
0.2263050
0.2263006
0.2263110
0.2263061
0.2263010
0.2263019
0.2263049
0.2263016
0.2263050
0.2263068
0.2263019
0.2263086
0.2263045
0.2262992
0.2263119
0.2263038
0.2263086
0.2263075
0.2263014
0.2263042
0.2263056
0.2262991
0.2263050
0.2263104
0.2263079
0.2263021
0.2263051
0.2263062
0.2263003
0.2263017
0.2262984
0.2263023
0.2263046
0.2263039
0.2263079
0.2263007
0.2263039
0.2263020
0.2262992
0.2263049
0.2263083
0.2263020
0.2263071
0.2263017
0.2263011
0.2263023
0.2263063
0.2263034
0.2263054
0.2263109
0.2263093
0.2263055
0.2263077
0.2263050
0.2263112
0.2263043
0.2263034
0.2263139
0.2263059
0.2262996
0.2263078
0.2263085
0.2263052
0.2263111
0.2263041
0.2263024
0.2263055
0.2263054
0.2263095
0.2263081
0.2263096
0.2263069
0.2263073
0.2263076
0.2263104
0.2263176
0.2263104
0.2262985
0.2263061
0.2263058
0.2263098
0.2263038
0.2263031
0.2263080
0.2263096
0.2263060
0.2263058
0.2263064
0.2263099
0.2263041
0.2262996
0.2263102
0.2263163
0.2263120
0.2263132
0.2263035
0.2263045
0.2263197
0.2263063
0.2263019
0.2263093
0.2263060
0.2263132
0.2263102
0.2263123
0.2263117
0.2263086
0.2263087
0.2263095
0.2263141
0.2263121
0.2263153
0.2263088
0.2263132
0.2263158
0.2263100
0.2263052
0.2263048
0.2263115
0.2263160
0.2263178
0.2263066
0.2263063
0.2263190
0.2263097
0.2263077
0.2263109
0.2263094
0.2263117
0.2263088
0.2263146
0.2263072
0.2263103
0.2263115
0.2263078
0.2263203
0.2263149
0.2263102
0.2263024
0.2263111
0.2263119
0.2263100
0.2263026
0.2263082
0.2263121
0.2263143
0.2263089
0.2263116
0.2263083
0.2263152
0.2263031
0.2263041
0.2263087
0.2263026
0.2262997
0.2262998
0.2263085
0.2263090
0.2262979
0.2263055
0.2263039
0.2263120
0.2263040
0.2263049
0.2263043
0.2263085
0.2263109
0.2263069
0.2263103
0.2263071
0.2263135
0.2263119
0.2262997
0.2263077
0.2263042
0.2263107
0.2263070
0.2263019
0.2263092
0.2263049
0.2263038
0.2263085
0.2263064
0.2263094
0.2263098
0.2263101
0.2263048
0.2263037
0.2263032
0.2263037
0.2263017
0.2263004
0.2263110
0.2263031
0.2263050
0.2263113
0.2263081
0.2262998
0.2262949
0.2262993
0.2262964
0.2262979
0.2262923
0.2262929
0.2263069
0.2262959
0.2262973
0.2263029
0.2262994
0.2262977
0.2263009
0.2262896
0.2262964
0.2263020
0.2262969
0.2262971
0.2262943
0.2262923
0.2262993
0.2262954
0.2262901
0.2262875
0.2262934
0.2262933
0.2262879
0.2262924
0.2262902
0.2262940
0.2262843
0.2262812
0.2262924
0.2262869
0.2262749
0.2262781
0.2262804
0.2262810
0.2262792
0.2262682
0.2262642
0.2262656
0.2262574
0.2262491
0.2262317
0.2262271
0.2262213
0.2262026
0.2261882
0.2261741
0.2261484
0.2261273
0.2261039
0.2260841
0.2260501
0.2260094
0.2259730
0.2259072
0.2258681
0.2257982
0.2257130
0.2256227
0.2255319
0.2254045
0.2252592
0.2250994
0.2249060
0.2246970
0.2244126
0.2241124
0.2237696
0.2233347
0.2228553
0.2222792
0.2216248
0.2208532
0.2199709
0.2189122
0.2177001
0.2163209
0.2147146
0.2128581
0.2107498
0.2083328
0.2056144
0.2025523
0.1991272
0.1953394
0.1912149
0.1867396
0.1819656
0.1769415
0.1717749
0.1665658
0.1613828
0.1563683
0.1516252
0.1472297
0.1432566
0.1397299
0.1366420
0.1339830
0.1316863
0.1297525
0.1281019
0.1267000
0.1254905
0.1244294
0.1235363
0.1227255
0.1220072
0.1213747
0.1207850
0.1202615
0.1198128
0.1193671
0.1189477
0.1185541
0.1182116
0.1178792
0.1175614
0.1172858
0.1170164
0.1167698
0.1165314
0.1163198
0.1161170
0.1159107
0.1157260
0.1155642
0.1153982
0.1152341
0.1150927
0.1149549
0.1148370
0.1147069
0.1145899
0.1144942
0.1143969
0.1142844
0.1141918
0.1141227
0.1140435
0.1139651
0.1138936
0.1138246
0.1137548
0.1137022
0.1136353
0.1135850
0.1135190
0.1134926
0.1134557
0.1133863
0.1133127
0.1132786
0.1132418
0.1132135
0.1131850
0.1131443
0.1131123
0.1131006
0.1130784
0.1130427
0.1129999
0.1129643
0.1129415
0.1129449
0.1129583
0.1129247
0.1128841
0.1128548
0.1128404
0.1128219
0.1127996
0.1127838
0.1127832
0.1127890
0.1127633
0.1127193
0.1127241
0.1127295
0.1127252
0.1127134
0.1126969
0.1126717
0.1126544
0.1126429
0.1126401
0.1126422
0.1126505
0.1126405
0.1126300
0.1126032
0.1125942
0.1125902
0.1125727
0.1125698
0.1125637
0.1125537
0.1125495
0.1125483
0.1125522
0.1125434
0.1125375
0.1125198
0.1125151
0.1125187
0.1125162
0.1125107
0.1125088
0.1125136
0.1125110
0.1125206
0.1125075
0.1125083
0.1125040
0.1124887
0.1124783
0.1124690
0.1124672
0.1124736
0.1124639
0.1124700
0.1124801
0.1124789
0.1124774
0.1124805
0.1124806
0.1124881
0.1124828
0.1124826
0.1124853
0.1124816
0.1124800
0.1124769
0.1124630
0.1124661
0.1124577
0.1124574
0.1124421
0.1124375
0.1124325
0.1124249
0.1124183
0.1124162
0.1124168
0.1124157
0.1124108
0.1124186
0.1124217
0.1124335
0.1124420
0.1124474
0.1124550
0.1124637
0.1124632
0.1124584
0.1124618
0.1124561
0.1124544
0.1124504
0.1124388
0.1124335
0.1124387
0.1124260
0.1124277
0.1124202
0.1124292
0.1124221
0.1124257
0.1124274
0.1124284
0.1124278
0.1124230
0.1124278
0.1124317
0.1124332
0.1124260
0.1124334
0.1124325
0.1124313
0.1124297
0.1124280
0.1124397
0.1124381
0.1124502
0.1124565
0.1124499
0.1124536
0.1124608
0.1124531
0.1124492
0.1124486
0.1124459
0.1124371
0.1124341
0.1124320
0.1124253
0.1124238
0.1124122
0.1124175
0.1124232
0.1124232
0.1124165
0.1124274
0.1124367
0.1124466
0.1124526
0.1124456
0.1124489
0.1124624
0.1124686
0.1124653
0.1124627
0.1124685
0.1124635
0.1124648
0.1124547
0.1124597
0.1124551
0.1124473
0.1124493
0.1124519
0.1124403
0.1124451
0.1124326
0.1124395
0.1124436
0.1124452
0.1124467
0.1124433
0.1124520
0.1124511
0.1124637
0.1124552
0.1124593
0.1124594
0.1124693
0.1124729
0.1124715
0.1124814
0.1124752
0.1124673
0.1124694
0.1124748
0.1124708
0.1124772
0.1124634
0.1124725
0.1124767
0.1124708
0.1124660
0.1124688
0.1124709
0.1124652
0.1124607
0.1124592
0.1124590
0.1124612
0.1124607
0.1124535
0.1124626
0.1124702
0.1124689
0.1124654
0.1124665
0.1124765
0.1124820
0.1124728
0.1124745
0.1124869
0.1124836
0.1124881
0.1124893
0.1124954
0.1125037
0.1124977
0.1124916
0.1124995
0.1124994
0.1124967
0.1124996
0.1124904
0.1124993
0.1125002
0.1124991
0.1124987
0.1124917
0.1124987
0.1124850
0.1124961
0.1124932
0.1125000
0.1124995
0.1124985
0.1124947
0.1124991
0.1124970
0.1124994
0.1125089
0.1125034
0.1125098
0.1125066
0.1125077
0.1125112
0.1125099
0.1125146
0.1125247
0.1125190
0.1125259
0.1125300
0.1125277
0.1125259
0.1125296
0.1125254
0.1125224
0.1125238
0.1125343
0.1125235
0.1125368
0.1125257
0.1125268
0.1125282
0.1125213
0.1125198
0.1125245
0.1125217
0.1125279
0.1125298
0.1125246
0.1125181
0.1125217
0.1125187
0.1125246
0.1125200
0.1125195
0.1125264
0.1125220
0.1125217
0.1125248
0.1125229
0.1125190
0.1125172
0.1125207
0.1125166
0.1125201
0.1125167
0.1125216
0.1125239
0.1125232
0.1125225
0.1125170
0.1125247
0.1125261
0.1125238
0.1125214
0.1125233
0.1125302
0.1125301
0.1125324
0.1125290
0.1125349
0.1125358
0.1125347
0.1125363
0.1125366
0.1125367
0.1125396
0.1125365
0.1125465
0.1125450
0.1125467
0.1125424
0.1125443
0.1125453
0.1125488
0.1125438
0.1125447
0.1125446
0.1125427
0.1125514
0.1125427
0.1125479
0.1125591
0.1125513
0.1125544
0.1125498
0.1125606
0.1125522
0.1125490
0.1125556
0.1125642
0.1125557
0.1125556
0.1125592
0.1125555
0.1125654
0.1125569
0.1125610
0.1125643
0.1125610
0.1125712
0.1125675
0.1125657
0.1125670
0.1125738
0.1125698
0.1125693
0.1125725
0.1125821
0.1125767
0.1125707
0.1125735
0.1125753
0.1125770
0.1125698
0.1125781
0.1125770
0.1125796
0.1125784
0.1125811
0.1125786
0.1125882
0.1125800
0.1125732
0.1125810
0.1125798
0.1125825
0.1125856
0.1125733
0.1125826
0.1125824
0.1125856
0.1125891
0.1125862
0.1125804
0.1125808
0.1125790
0.1125828
0.1125838
0.1125868
0.1125764
0.1125873
0.1125871
0.1125890
0.1125880
0.1125893
0.1125853
0.1125914
0.1125951
0.1125797
0.1125898
0.1125923
0.1125969
0.1125966
0.1125913
0.1125974
0.1125992
0.1125924
0.1125983
0.1126023
0.1125974
0.1126024
0.1126028
0.1126084
0.1126042
0.1126053
0.1126033
0.1126045
0.1126131
0.1126107
0.1126109
0.1126064
0.1126138
0.1126144
0.1126171
0.1126128
0.1126156
0.1126185
0.1126211
0.1126275
0.1126255
0.1126314
0.1126284
0.1126223
0.1126319
0.1126299
0.1126311
0.1126263
0.1126249
0.1126339
0.1126372
0.1126262
0.1126334
0.1126273
0.1126361
0.1126375
0.1126382
0.1126340
0.1126327
0.1126362
0.1126343
0.1126346
0.1126352
0.1126416
0.1126295
0.1126349
0.1126349
0.1126400
0.1126395
0.1126319
0.1126327
0.1126337
0.1126293
0.1126324
0.1126346
0.1126332
0.1126361
0.1126281
0.1126242
0.1126270
0.1126284
0.1126315
0.1126320
0.1126260
0.1126195
0.1126279
0.1126259
0.1126182
0.1126184
0.1126211
0.1126221
0.1126234
0.1126196
0.1126242
0.1126194
0.1126091
0.1126121
0.1126218
0.1126143
0.1126164
0.1126124
0.1126141
0.1126206
0.1126168
0.1126089
0.1126096
0.1126148
0.1126201
0.1126175
0.1126141
0.1126122
0.1126140
0.1126129
0.1126151
0.1126155
0.1126090
0.1126122
0.1126108
0.1126188
0.1126086
0.1126157
0.1126057
0.1126061
0.1126154
0.1126086
0.1126114
0.1126125
0.1126113
0.1126056
0.1126195
0.1126063
0.1126063
0.1126174
0.1126158
0.1126158
0.1126111
0.1126209
0.1126180
0.1126151
0.1126241
0.1126193
0.1126176
0.1126199
0.1126162
0.1126246
0.1126210
0.1126218
0.1126161
0.1126207
0.1126202
0.1126254
0.1126294
0.1126237
0.1126233
0.1126262
0.1126320
0.1126203
0.1126254
0.1126335
0.1126334
0.1126282
0.1126244
0.1126364
0.1126398
0.1126356
0.1126379
0.1126339
0.1126365
0.1126359
0.1126358
0.1126362
0.1126391
0.1126457
0.1126392
0.1126406
0.1126426
0.1126445
0.1126502
0.1126387
0.1126453
0.1126516
0.1126542
0.1126498
0.1126425
0.1126559
0.1126534
0.1126524
0.1126524
0.1126608
0.1126579
0.1126482
0.1126538
0.1126581
0.1126563
0.1126540
0.1126584
0.1126525
0.1126638
0.1126566
0.1126545
0.1126607
0.1126619
0.1126655
0.1126683
0.1126593
0.1126591
0.1126639
0.1126597
0.1126627
0.1126660
0.1126649
0.1126632
0.1126649
0.1126638
0.1126751
0.1126709
0.1126599
0.1126621
0.1126591
0.1126637
0.1126674
0.1126617
0.1126682
0.1126724
0.1126745
0.1126618
0.1126631
0.1126664
0.1126710
0.1126732
0.1126662
0.1126696
0.1126741
0.1126716
0.1126724
0.1126761
0.1126708
0.1126680
0.1126689
0.1126784
0.1126700
0.1126768
0.1126659
0.1126731
0.1126743
0.1126748
0.1126693
0.1126675
0.1126693
0.1126698
0.1126762
0.1126652
0.1126679
0.1126724
0.1126735
0.1126816
0.1126738
0.1126816
0.1126747
0.1126774
0.1126803
0.1126761
0.1126787
0.1126799
0.1126720
0.1126871
0.1126834
0.1126828
0.1126711
0.1126790
0.1126877
0.1126834
0.1126849
0.1126894
0.1126885
0.1126851
0.1126913
0.1126808
0.1126874
0.1126919
0.1126863
0.1126956
0.1126852
0.1126973
0.1126997
0.1126934
0.1126978
0.1126913
0.1126935
0.1126967
0.1126977
0.1126914
0.1127021
0.1126921
0.1126910
0.1126954
0.1126980
0.1127003
0.1126943
0.1126911
0.1126922
0.1126991
0.1127027
0.1126951
0.1126925
0.1126985
0.1126972
0.1127019
0.1126948
0.1127039
0.1126993
0.1126897
0.1126917
0.1126966
0.1126887
0.1126922
0.1126939
0.1126925
0.1126979
0.1126928
0.1126918
0.1126902
0.1126862
0.1126909
0.1126911
0.1126872
0.1126909
0.1126900
0.1126859
0.1126874
0.1126846
0.1126815
0.1126791
0.1126949
0.1126870
0.1126866
0.1126893
0.1126821
0.1126833
0.1126824
0.1126834
0.1126863
0.1126756
0.1126815
0.1126906
0.1126866
0.1126851
0.1126815
0.1126823
0.1126843
0.1126836
0.1126757
0.1126770
0.1126855
0.1126806
0.1126809
0.1126835
0.1126912
0.1126830
0.1126813
0.1126848
0.1126850
0.1126826
0.1126737
0.1126870
0.1126834
0.1126815
0.1126822
0.1126809
0.1126858
0.1126865
0.1126876
0.1126772
0.1126802
0.1126859
0.1126883
0.1126919
0.1126886
0.1126907
0.1126939
0.1126850
0.1126912
0.1126983
0.1126917
0.1126893
0.1126888
0.1126991
0.1126970
0.1126930
0.1126939
0.1126968
0.1126983
0.1127000
0.1126984
0.1127025
0.1127003
0.1126994
0.1127007
0.1126977
)