1350
(
900.0772501
900.1372010
900.1138481
900.0418361
900.0568550
900.0178081
900.0858242
900.1296512
900.1957322
900.1495786
900.0491517
900.1598906
900.2643736
900.1106918
899.9447176
900.1718676
900.1341606
900.1572639
900.0051884
900.1203876
900.2306141
900.1192439
900.0698001
900.0921867
900.0308221
900.2717091
900.0627824
900.0816068
899.9281186
899.9640335
900.1860214
900.0636622
900.0561021
900.1716094
900.1630761
900.0978504
900.1074135
900.2028603
900.2200861
900.0047498
900.0297874
900.0968312
900.0069470
900.1976064
900.0081083
900.0337646
900.2629257
900.1150353
900.0769516
899.9831536
900.1501878
900.1094004
900.0755271
900.0240285
900.2123174
900.1388740
900.1238530
900.1320451
900.1653782
900.2608550
900.1590182
900.0267360
900.0799744
900.0592142
900.0190045
900.1845254
900.0316748
900.1963004
900.2071687
900.0761454
900.2152534
900.0226659
900.1691548
900.0532374
900.0211321
900.0999409
900.0585776
900.2341036
899.9807319
900.0592376
900.0723785
900.0901461
899.9648075
899.9389377
899.9943580
900.1214491
900.2241919
899.8931388
899.9228694
899.9333720
900.1160177
900.0690604
899.8758501
900.1455461
900.0580585
899.9881618
900.1079162
900.0266775
900.1351158
899.9791392
900.0357757
899.9378702
900.0599358
899.9408073
899.8761454
899.8929256
900.0644289
899.9596155
899.8561054
899.9634566
900.0191292
900.1021963
900.0763383
899.8701089
899.8591862
899.8919656
900.0388204
900.0915072
899.8056833
900.0399292
899.9784512
899.9111181
899.9484133
899.9041163
899.9586242
900.0581031
899.8650738
899.9778357
900.0356536
899.9772508
899.9248495
899.9623224
899.8848013
899.8876294
900.0202017
899.8538808
899.9546428
899.9175231
899.9200412
899.8454717
899.9464849
899.8807464
899.9161537
899.9757887
899.7920640
900.0854209
900.0045690
899.9558469
899.8680634
899.9861632
899.8561396
899.9254509
899.9623623
900.0743202
900.0329186
900.0874740
899.8479942
899.9865680
899.9252051
900.0005916
900.0134403
899.9733053
899.9523036
899.9670241
899.8801148
899.9157423
900.0722184
900.0167865
900.0796533
900.1329172
899.7837884
900.1456136
900.1080761
899.8465553
900.1287749
900.0510371
899.8647040
900.0298372
899.9707856
900.1259713
900.2155906
900.0966622
900.0017159
899.9385108
900.0264428
900.0567451
900.1439543
899.8488640
900.0165690
900.1192934
900.0661411
900.1224346
899.9545425
900.1204960
900.0441137
900.0875796
900.0759682
900.1799381
900.1666034
899.8768395
900.0417384
900.1025352
900.1185969
899.9545568
900.2561758
900.1777476
900.3337949
900.3347264
900.0956298
900.0714696
900.2121880
900.2566571
900.2900753
900.0753702
900.2230330
900.1400967
900.0966720
900.1592146
900.2417512
900.0567746
900.2585562
900.1945394
900.2727006
900.1812248
900.2660762
899.9426582
900.1398639
900.2085355
900.2499267
900.0999906
900.1032654
900.1818537
900.1879032
900.2105302
900.0788504
900.0393702
900.1339364
900.0705063
900.2997109
900.2092165
900.2013237
900.3786086
900.1381726
900.1820315
900.2373113
900.1892549
900.1846175
900.1359231
900.2392598
900.3155902
900.2055690
899.9968275
900.0878827
900.0910024
900.2078260
900.1398183
900.1008582
900.1636937
900.1167292
900.2154793
900.0177878
900.1457126
900.1143060
900.2282555
900.2309774
900.1194125
900.2879231
900.3245670
900.0763300
900.2315211
900.1074919
900.1416461
899.9258416
900.2098261
900.0702950
900.1644241
900.3088839
900.0760270
900.2037749
900.1257240
900.1112780
900.1075016
900.1692330
900.0741153
899.9928921
900.1346954
900.0233724
900.1030268
900.2605228
900.1644556
900.0823746
900.0730208
900.1071986
900.2244546
900.1520901
900.0356094
900.1950894
900.0469186
900.0099599
900.0626848
900.2466673
900.2894217
900.0523192
899.9096414
900.0206447
900.0239779
900.1171412
900.0807082
899.9300289
900.0936548
900.1368079
900.0949094
900.0261416
899.9959965
900.1564988
900.0338150
899.9198861
899.9201307
900.0602396
900.1359629
899.9739659
900.0371131
900.0109413
899.9643485
900.0409673
900.1636552
899.9520452
900.2439702
900.1587828
899.9266773
899.9509741
899.9485671
899.9641739
900.1560889
900.0040592
900.0945645
900.0677239
900.0393353
900.0953887
900.1424786
900.1021680
899.9592818
900.0592095
900.0389601
899.9773602
900.0698978
899.8264998
899.9596454
900.1139157
900.0980301
899.9936242
900.1226427
900.0749293
900.1040055
900.0659574
899.9840035
899.9138348
900.0958937
900.0832971
900.1645690
900.1279433
900.1137489
900.2220849
900.1038179
900.1271088
900.2621850
900.1816923
900.0077993
900.1233077
900.2149275
900.1003498
900.1638802
900.1165169
900.1183906
900.0571518
900.2485175
899.9680391
900.0383695
900.0967212
900.0348875
900.1646397
900.0479286
900.0008681
900.1607740
900.2426765
900.0481367
899.9890872
900.1305463
900.1340727
900.0817917
900.0704766
900.1811215
900.1000599
900.1602238
900.0975025
900.1054708
900.1028179
900.1501301
900.0459312
900.0788131
900.0771475
900.1500378
900.2691550
900.0757136
900.0826248
900.1075862
900.1703776
900.0889305
900.0250999
900.2006250
900.2448526
900.1873011
900.2086299
900.3013413
900.2419938
900.0154354
900.2672550
900.2675514
900.1868671
900.2873022
900.1133766
900.1763200
900.2553237
900.1910546
900.1614158
900.2338650
900.1976133
900.2084875
900.2983230
900.2000220
900.2190836
900.3186122
900.2793484
900.3216268
900.2302004
900.3457567
900.3568998
900.2406273
900.1414499
900.3429253
900.4596275
900.1927756
900.3197441
900.3540336
900.3654225
900.2500199
900.2247004
900.2074998
900.4395673
900.3193073
900.2991984
900.4633879
900.6082787
900.7682988
900.7982546
900.8233974
901.0882903
901.3503045
901.4558501
901.8326297
901.9478738
902.2534298
902.4811660
903.0144739
903.1483692
903.7994557
904.6011115
904.9304587
905.7020121
906.7296990
907.7458558
908.8396356
910.3360286
912.0716637
913.8203971
916.1038145
918.3285557
921.6569462
925.1834276
928.9983989
933.9851446
939.4039448
946.0247254
953.1448283
961.5872445
971.2116301
982.7102305
995.7196201
1010.0401850
1026.7820067
1046.0347261
1067.2879460
1091.5595755
1118.1347041
1147.5670001
1179.9875283
1215.0711983
1252.1240266
1291.7718919
1332.9735050
1375.3771338
1417.8876681
1459.1827870
1499.4809672
1537.2134698
1571.4065149
1602.0280846
1628.3320945
1650.2763208
1668.4236007
1683.3012303
1695.4615050
1705.4414411
1713.7580519
1720.6696130
1727.0717692
1732.9829796
1737.9042992
1742.7653553
1747.5503764
1751.8772068
1756.4749935
1760.5205376
1763.9123364
1767.9785966
1771.8150187
1776.0447146
1779.4319678
1783.0607667
1786.8329730
1789.9619955
1793.3150080
1796.4289513
1799.5878900
1802.3681624
1805.1711245
1808.4154288
1811.2389316
1813.7186922
1816.4357530
1819.2194690
1821.7239921
1824.2655391
1826.5421283
1828.9059425
1831.3305044
1833.2359686
1835.4726668
1837.9186718
1839.7747814
1841.5879335
1843.6163318
1845.5102256
1847.3354828
1849.3996210
1851.1535477
1852.7578003
1854.4657625
1856.2404353
1858.0379348
1859.1546218
1860.6140763
1862.7390462
1864.8003041
1866.0652571
1867.4931122
1868.7934373
1870.0315053
1871.4307049
1872.8885016
1873.8137419
1874.9150035
1876.3602401
1877.7816106
1879.2370275
1880.4133635
1880.9278435
1881.4346140
1882.7622714
1884.4252774
1885.5549923
1886.4833331
1887.5206673
1888.6591654
1889.6808636
1890.3047307
1890.8229924
1892.0315086
1893.5792445
1894.1235492
1894.4935570
1895.1652223
1896.1192574
1897.0864072
1898.2614739
1899.1328567
1900.0234290
1900.7503661
1901.2016962
1901.5342653
1902.3379606
1903.1721033
1904.3169552
1904.9127221
1905.7023531
1906.5066418
1907.1291618
1907.7869874
1908.4069944
1909.0894796
1909.6293111
1910.0731257
1910.7711975
1911.3254117
1912.1128229
1912.7148131
1913.1531675
1913.7963029
1914.1647565
1914.6948649
1915.1112270
1915.4871710
1915.8834815
1916.5933115
1916.8920041
1917.4403030
1918.2281374
1918.8035112
1919.5553217
1920.0304564
1920.1996574
1920.7709154
1921.0584201
1921.3278387
1921.5882621
1922.0662119
1922.3948031
1922.8393511
1923.0261609
1923.4176084
1923.9345558
1924.1872286
1924.6662387
1924.9480041
1925.2946746
1926.0149808
1926.1322139
1926.7713327
1927.2027689
1927.8158410
1928.2460188
1928.6320513
1929.1276475
1929.7468253
1929.9927409
1930.0528976
1930.5672344
1930.8824426
1931.0880909
1931.2512515
1931.5284434
1931.4834246
1931.6646813
1931.7711479
1931.8275070
1932.1592336
1932.5780357
1932.7807906
1933.2668077
1933.5746771
1933.9888229
1934.3777154
1934.7709800
1935.0455428
1935.3846898
1935.7111142
1936.0262329
1936.2864153
1936.5468122
1936.7326158
1936.9503228
1937.0272920
1937.2636418
1937.6819641
1937.7698940
1937.8941503
1938.2555496
1938.5054743
1938.7350640
1938.9750847
1939.2877009
1939.3834434
1939.6536925
1939.6781637
1939.8860980
1939.8978247
1940.0545100
1940.2178332
1940.3762101
1940.5995671
1940.8602956
1941.1615117
1941.1959580
1941.6586935
1942.0052121
1942.3396327
1942.4374215
1942.8628033
1943.0404333
1943.6021437
1943.5419585
1943.6055942
1943.7517615
1944.0788739
1943.9202732
1944.1233258
1944.0805563
1944.2012400
1944.4373170
1944.4472170
1944.3434887
1944.6051049
1944.5830147
1944.9118728
1944.8518681
1945.2166387
1945.4714619
1945.7276810
1945.7756029
1946.0909074
1946.3877863
1946.6441562
1946.6788754
1946.9087889
1947.1483013
1947.4038697
1947.5009593
1947.5747290
1947.6585299
1947.8146983
1947.9085530
1948.0901136
1948.1069971
1948.1355665
1948.3741708
1948.4277033
1948.4093136
1948.5342925
1948.4392626
1948.7367396
1948.7596505
1948.8332978
1949.1753355
1949.2263155
1949.2706844
1949.5511602
1949.6277316
1949.8957986
1949.9602320
1950.0714677
1950.2613721
1950.4048741
1950.5728528
1950.6135346
1950.8467914
1951.0305794
1951.1997306
1951.2975201
1951.4018578
1951.5403302
1951.7884861
1951.8372777
1951.7112317
1952.0131872
1952.0410317
1952.1464066
1952.0566265
1952.1362304
1952.3780621
1952.3297629
1952.2566102
1952.3948868
1952.4735766
1952.6935024
1952.6397132
1952.5486264
1952.7078246
1952.8532459
1952.9409937
1953.0256904
1953.2728074
1953.1699610
1953.5476654
1953.4534585
1953.5290971
1953.5880697
1953.8319780
1954.0105703
1953.8854940
1954.2134831
1954.1603764
1954.3276436
1954.4559830
1954.4426275
1954.6650576
1954.8088778
1954.7380065
1954.7439325
1954.8988732
1954.9690668
1955.0101251
1954.8888662
1955.0662819
1955.2044106
1955.2294331
1955.3271828
1955.3209219
1955.3109851
1955.5842217
1955.5485034
1955.4343843
1955.6809996
1955.6001478
1955.6548496
1955.7910782
1955.8351263
1956.0250291
1956.0267105
1956.1250489
1956.1309980
1956.4639008
1956.4342932
1956.5044917
1956.5638939
1956.6615227
1956.8345776
1956.8686701
1956.8650052
1956.8464466
1957.0914439
1957.1865223
1957.2525913
1957.3633814
1957.3713601
1957.5755878
1957.6829842
1957.5385456
1957.8063875
1957.7554267
1957.7776916
1957.9510297
1958.0321094
1958.1681646
1958.1568397
1958.2586772
1958.3185512
1958.4052697
1958.4919183
1958.4974727
1958.6558254
1958.6173129
1958.8479028
1958.8253920
1958.7801706
1958.8206897
1959.0583954
1959.0259380
1958.9579837
1959.0288984
1959.1124853
1959.2098897
1959.0237339
1959.2979442
1959.2657191
1959.3403470
1959.3333293
1959.4519086
1959.5077185
1959.5906325
1959.5379896
1959.5821502
1959.5855315
1959.6250889
1959.7468800
1959.7403449
1959.7372891
1959.8768700
1959.9768509
1960.0166490
1960.0484458
1960.0164511
1960.1864608
1960.2196995
1959.9769348
1960.1622335
1960.2049656
1960.2454599
1960.2760645
1960.3496499
1960.5032334
1960.5524864
1960.4225860
1960.6019348
1960.6442204
1960.6673569
1960.7440379
1960.6679456
1960.8552708
1960.8616775
1960.9027188
1961.0227580
1960.8813607
1960.8759412
1960.9584513
1961.0349990
1961.0605371
1961.0952432
1961.1297090
1961.1435257
1960.9332967
1961.1703250
1961.1625099
1961.3389663
1961.3075786
1961.3169688
1961.4984486
1961.5564174
1961.4701869
1961.5116194
1961.6588685
1961.5207156
1961.6609710
1961.6320823
1961.6568325
1962.0204547
1961.8451085
1961.8335399
1961.8960402
1961.8568622
1962.1372655
1961.9177941
1961.9281556
1962.1175635
1962.1627826
1962.1502640
1962.3235072
1962.3203782
1962.3043870
1962.3941226
1962.4326279
1962.4157629
1962.6064715
1962.4893067
1962.5054849
1962.5481879
1962.6511545
1962.7021603
1962.6993960
1962.6661352
1962.6913759
1962.9974818
1962.8630352
1962.8526562
1962.8422739
1962.6808886
1962.9800995
1962.8309945
1962.9260734
1963.0432935
1963.0371119
1962.9980615
1963.0217237
1963.0637820
1963.0795505
1963.0033360
1963.0673326
1963.2694489
1963.1585715
1963.2994925
1963.2619543
1963.2159917
1963.2300803
1963.3145013
1963.2441507
1963.2958318
1963.3518024
1963.4007022
1963.3824120
1963.2848160
1963.3308005
1963.2876737
1963.3394112
1963.3529910
1963.3050961
1963.4123398
1963.2980199
1963.3161213
1963.4026586
1963.4851682
1963.6017453
1963.4187658
1963.3270112
1963.5686328
1963.4810046
1963.6348016
1963.5886626
1963.5716915
1963.6047979
1963.8066259
1963.6827328
1963.6855870
1963.7011037
1963.9227335
1963.8274332
1963.7948410
1963.9821005
1963.8856893
1964.0878210
1964.0350058
1963.9994670
1964.1953145
1964.1272536
1964.1693300
1964.1465341
1964.2432557
1964.2767345
1964.3000572
1964.2990594
1964.4656832
1964.7033982
1964.5875413
1964.6352810
1964.7471505
1964.6516487
1964.7532549
1964.7104510
1964.8441737
1964.7963239
1964.8336039
1964.9228134
1965.0262802
1965.0861959
1964.9991296
1965.0718000
1965.1190405
1965.1109715
1965.5252388
1965.2328715
1965.2560220
1965.3893914
1965.3727339
1965.4871851
1965.4831754
1965.3008999
1965.5663696
1965.6556475
1965.7066991
1965.6611242
1965.6423282
1965.6501800
1965.7213946
1965.8090380
1965.8150418
1965.7912993
1965.8354021
1965.8850586
1965.9227656
1966.0186425
1966.0649251
1965.9886785
1966.1462046
1966.0777581
1966.2144026
1966.0781396
1966.2632190
1966.2636347
1966.2205590
1966.2406600
1966.2933081
1966.3359667
1966.2857759
1966.5383493
1966.5050518
1966.3306639
1966.3317094
1966.4671709
1966.3925962
1966.4000796
1966.3213485
1966.5878968
1966.4205788
1966.4413930
1966.4459180
1966.5055299
1966.5255403
1966.4748185
1966.6056552
1966.6472365
1966.7099200
1966.5867319
1966.6805193
1966.6442526
1966.5639268
1966.6421312
1966.5824598
1966.6807867
1966.6678992
1966.8461491
1966.7864812
1966.7610180
1966.7497177
1966.7161140
1966.8509583
1966.6868206
1966.6032723
1966.7587488
1966.7255768
1966.7840593
1966.8442946
1966.8259573
1966.7042380
1966.8355924
1966.8667855
1966.7207262
1966.8306427
1966.7973796
1966.7635943
1966.6529002
1966.7793676
1966.8975014
1966.7165408
1966.7464447
1966.6480105
1966.8105501
1966.8225242
1966.7649066
1966.8733619
1966.7858114
1966.8872341
1966.8083184
1966.8073608
1966.9631690
1966.8739406
1966.6873969
1966.8282700
1966.9596361
1966.8410997
1966.9290217
1966.7531503
1966.9257053
1966.9528203
1966.9032829
1966.9066998
1966.8960861
1966.8911970
1967.0016633
1966.9766132
1967.0484287
1967.0183697
1967.0364313
1966.8966871
1966.9690064
1967.0235964
1967.0714628
1967.0423933
1966.9443335
1966.9987443
1967.1876427
1967.1267731
1967.1298121
1967.1848553
1967.1716980
1967.2622741
1967.1845424
1967.1094082
1967.2690538
1967.3183447
1967.3780752
1967.3148494
1967.2918263
1967.2049834
1967.4382467
1967.3784061
1967.2679934
1967.3992888
1967.3689418
1967.2791362
1967.3718015
1967.3969102
1967.3868708
1967.3729614
1967.6580631
1967.5003741
1967.6621103
1967.5802386
1967.5458353
1967.5967105
1967.6724088
1967.5973380
1967.6141775
1967.5587635
1967.5398315
1967.7139763
1967.7823953
1967.6458998
1967.7124590
1967.6498296
1967.8201509
1967.5661538
1967.6742351
1967.6385517
1967.6459762
1967.6304118
1967.6784652
1967.7701231
1967.8043368
1967.5624494
1967.6769032
1967.6362746
1967.9205624
1967.7776991
1967.7231443
1967.6050168
1967.6849706
1967.6094725
1967.6393917
1967.7212460
1967.7307162
1967.8943065
1967.6935509
1967.6425757
1967.7016788
1967.6618411
1967.8703746
1967.7061267
1967.5991027
1967.8071248
1967.8235553
1967.8472974
1967.7674119
1967.8744618
1967.7299619
1967.8935932
1967.8057675
1967.8676108
1967.8854845
1967.8371311
1967.8075788
1967.8272902
1967.8805497
1967.9861860
1967.9536395
1967.9232011
1967.7787715
1967.9527808
1967.9300908
1967.9521810
1968.0762064
1967.9048600
1968.0400774
1967.8716481
1967.9996318
1968.1167778
1968.1461646
1968.0964285
1968.1010044
1968.2344716
1968.1871913
1968.2715457
1968.1273859
1968.2857264
1968.3834448
1968.4414628
1968.2614048
1968.3101375
1968.2242723
1968.4430228
1968.4198065
1968.4136672
1968.4826774
1968.3313023
1968.5723205
1968.5225938
1968.6859194
1968.4726602
1968.4814705
1968.5309403
1968.5729948
1968.7332874
1968.6589561
1968.5956319
1968.6639524
1968.6486266
1968.7717094
1968.6695580
1968.5342000
1968.5378425
1968.8380673
1968.7254958
1968.7555557
1968.8041802
1968.6032965
1968.8937904
1968.8945159
1968.6102687
1968.7037909
1968.7697076
1968.7786666
1968.7718278
1968.7654454
1968.7953331
1968.8052242
1968.7274208
1968.6658507
1968.8879483
1968.7937768
1968.8026583
1968.6602757
1968.8288887
1968.7618173
1968.7529737
1968.7657830
1968.7700939
1968.8601259
1968.8092735
1968.7280698
1968.6410293
1968.6440740
1968.6396821
1968.6116211
1968.7389684
1968.6557416
1968.5129448
1968.4803069
1968.4878826
1968.6003139
1968.6745431
1968.4400324
1968.4997474
1968.5548599
1968.5516948
1968.5372006
1968.4202999
1968.3309777
1968.5961417
1968.4165390
1968.3132091
1968.3631047
1968.2360621
1968.5040285
)